|--- feature_1401 <= 108.50
|   |--- feature_297 <= 894.00
|   |   |--- feature_3 <= 1406.00
|   |   |   |--- feature_6283 <= 82.00
|   |   |   |   |--- feature_705 <= 292.50
|   |   |   |   |   |--- weights: [562.00, 138.00, 189.00, 560.00, 51.00, 181.00, 564.00, 161.00, 564.00, 569.00, 565.00, 602.00, 76.00, 176.00, 622.00, 156.00, 577.00, 27.00] class: 14
|   |   |   |   |--- feature_705 >  292.50
|   |   |   |   |   |--- weights: [1.00, 0.00, 409.00, 1.00, 0.00, 3.00, 0.00, 0.00, 0.00, 1.00, 17.00, 12.00, 0.00, 0.00, 0.00, 22.00, 3.00, 0.00] class: 2
|   |   |   |--- feature_6283 >  82.00
|   |   |   |   |--- weights: [0.00, 0.00, 0.00, 0.00, 0.00, 0.00, 0.00, 420.00, 0.00, 0.00, 0.00, 0.00, 0.00, 0.00, 0.00, 0.00, 0.00, 0.00] class: 7
|   |   |--- feature_3 >  1406.00
|   |   |   |--- feature_481 <= 725.00
|   |   |   |   |--- feature_55 <= 229.50
|   |   |   |   |   |--- weights: [1.00, 2.00, 0.00, 0.00, 2.00, 0.00, 0.00, 0.00, 0.00, 0.00, 0.00, 0.00, 2.00, 0.00, 2.00, 0.00, 6.00, 0.00] class: 16
|   |   |   |   |--- feature_55 >  229.50
|   |   |   |   |   |--- weights: [1.00, 0.00, 0.00, 0.00, 554.00, 1.00, 0.00, 0.00, 0.00, 0.00, 0.00, 0.00, 3.00, 0.00, 2.00, 0.00, 0.00, 0.00] class: 4
|   |   |   |--- feature_481 >  725.00
|   |   |   |   |--- feature_671 <= 211.50
|   |   |   |   |   |--- weights: [17.00, 0.00, 0.00, 2.00, 2.00, 0.00, 2.00, 0.00, 1.00, 1.00, 1.00, 0.00, 0.00, 0.00, 11.00, 0.00, 0.00, 1.00] class: 0
|   |   |   |   |--- feature_671 >  211.50
|   |   |   |   |   |--- weights: [0.00, 0.00, 0.00, 0.00, 0.00, 0.00, 0.00, 0.00, 0.00, 0.00, 7.00, 0.00, 1.00, 0.00, 0.00, 0.00, 0.00, 0.00] class: 10
|   |--- feature_297 >  894.00
|   |   |--- feature_71 <= 494.50
|   |   |   |--- feature_85 <= 2303.50
|   |   |   |   |--- feature_131 <= 1019.50
|   |   |   |   |   |--- weights: [0.00, 0.00, 1.00, 0.00, 7.00, 2.00, 10.00, 0.00, 11.00, 0.00, 1.00, 0.00, 4.00, 3.00, 0.00, 1.00, 0.00, 0.00] class: 8
|   |   |   |   |--- feature_131 >  1019.50
|   |   |   |   |   |--- weights: [0.00, 0.00, 0.00, 0.00, 0.00, 0.00, 0.00, 0.00, 0.00, 0.00, 0.00, 0.00, 8.00, 0.00, 0.00, 0.00, 0.00, 0.00] class: 12
|   |   |   |--- feature_85 >  2303.50
|   |   |   |   |--- weights: [0.00, 0.00, 0.00, 0.00, 0.00, 0.00, 0.00, 0.00, 0.00, 0.00, 7.00, 0.00, 0.00, 0.00, 0.00, 0.00, 0.00, 0.00] class: 10
|   |   |--- feature_71 >  494.50
|   |   |   |--- feature_103 <= 241.00
|   |   |   |   |--- feature_139 <= 496.50
|   |   |   |   |   |--- weights: [0.00, 0.00, 0.00, 0.00, 2.00, 1.00, 0.00, 0.00, 0.00, 0.00, 0.00, 0.00, 0.00, 7.00, 0.00, 0.00, 0.00, 0.00] class: 13
|   |   |   |   |--- feature_139 >  496.50
|   |   |   |   |   |--- weights: [0.00, 0.00, 0.00, 0.00, 0.00, 0.00, 0.00, 0.00, 0.00, 0.00, 0.00, 0.00, 5.00, 0.00, 0.00, 0.00, 0.00, 0.00] class: 12
|   |   |   |--- feature_103 >  241.00
|   |   |   |   |--- feature_210 <= 435.50
|   |   |   |   |   |--- weights: [0.00, 0.00, 0.00, 0.00, 0.00, 0.00, 0.00, 0.00, 0.00, 0.00, 0.00, 0.00, 534.00, 1.00, 0.00, 0.00, 0.00, 0.00] class: 12
|   |   |   |   |--- feature_210 >  435.50
|   |   |   |   |   |--- weights: [0.00, 0.00, 0.00, 0.00, 0.00, 0.00, 0.00, 0.00, 0.00, 0.00, 3.00, 0.00, 0.00, 0.00, 0.00, 0.00, 0.00, 0.00] class: 10
|--- feature_1401 >  108.50
|   |--- weights: [0.00, 541.00, 0.00, 0.00, 0.00, 0.00, 0.00, 0.00, 0.00, 0.00, 0.00, 0.00, 0.00, 0.00, 0.00, 0.00, 0.00, 0.00] class: 1
