|--- feature_2502 <= 106.00
|   |--- feature_9039 <= 153.50
|   |   |--- feature_297 <= 905.00
|   |   |   |--- feature_3 <= 1392.50
|   |   |   |   |--- feature_7091 <= 134.00
|   |   |   |   |   |--- feature_705 <= 433.00
|   |   |   |   |   |   |--- feature_819 <= 7789.00
|   |   |   |   |   |   |   |--- feature_289 <= 429.50
|   |   |   |   |   |   |   |   |--- feature_5033 <= 114.00
|   |   |   |   |   |   |   |   |   |--- feature_7111 <= 106.50
|   |   |   |   |   |   |   |   |   |   |--- feature_210 <= 465.50
|   |   |   |   |   |   |   |   |   |   |   |--- feature_55 <= 404.00
|   |   |   |   |   |   |   |   |   |   |   |   |--- feature_9179 <= 144.50
|   |   |   |   |   |   |   |   |   |   |   |   |   |--- feature_264 <= 877.00
|   |   |   |   |   |   |   |   |   |   |   |   |   |   |--- feature_558 <= 474.00
|   |   |   |   |   |   |   |   |   |   |   |   |   |   |   |--- feature_1407 <= 266.50
|   |   |   |   |   |   |   |   |   |   |   |   |   |   |   |   |--- feature_520 <= 271.00
|   |   |   |   |   |   |   |   |   |   |   |   |   |   |   |   |   |--- feature_5294 <= 105.50
|   |   |   |   |   |   |   |   |   |   |   |   |   |   |   |   |   |   |--- feature_50 <= 715.00
|   |   |   |   |   |   |   |   |   |   |   |   |   |   |   |   |   |   |   |--- feature_546 <= 529.50
|   |   |   |   |   |   |   |   |   |   |   |   |   |   |   |   |   |   |   |   |--- weights: [5.00, 15.00, 2.00, 0.00, 13.00, 9.00, 7.00, 11.00, 0.00, 0.00, 17.00, 3.00, 4.00, 5.00, 9.00, 17.00, 2.00, 10.00, 8.00, 0.00, 2.00, 2.00, 2.00, 4.00, 2.00, 1.00, 1.00, 1.00, 1.00] class: 11
|   |   |   |   |   |   |   |   |   |   |   |   |   |   |   |   |   |   |   |--- feature_546 >  529.50
|   |   |   |   |   |   |   |   |   |   |   |   |   |   |   |   |   |   |   |   |--- weights: [0.00, 0.00, 1.00, 1.00, 0.00, 0.00, 0.00, 0.00, 0.00, 0.00, 0.00, 0.00, 0.00, 18.00, 0.00, 1.00, 0.00, 0.00, 0.00, 0.00, 0.00, 1.00, 1.00, 0.00, 0.00, 0.00, 0.00, 0.00, 0.00] class: 14
|   |   |   |   |   |   |   |   |   |   |   |   |   |   |   |   |   |   |--- feature_50 >  715.00
|   |   |   |   |   |   |   |   |   |   |   |   |   |   |   |   |   |   |   |--- feature_85 <= 610.50
|   |   |   |   |   |   |   |   |   |   |   |   |   |   |   |   |   |   |   |   |--- weights: [0.00, 0.00, 0.00, 0.00, 0.00, 0.00, 0.00, 0.00, 0.00, 0.00, 0.00, 0.00, 1.00, 0.00, 9.00, 1.00, 0.00, 0.00, 0.00, 0.00, 0.00, 1.00, 0.00, 0.00, 0.00, 0.00, 0.00, 0.00, 0.00] class: 15
|   |   |   |   |   |   |   |   |   |   |   |   |   |   |   |   |   |   |   |--- feature_85 >  610.50
|   |   |   |   |   |   |   |   |   |   |   |   |   |   |   |   |   |   |   |   |--- weights: [0.00, 0.00, 0.00, 0.00, 1.00, 0.00, 0.00, 0.00, 0.00, 0.00, 1.00, 19.00, 0.00, 0.00, 2.00, 0.00, 0.00, 0.00, 0.00, 0.00, 0.00, 0.00, 0.00, 0.00, 0.00, 0.00, 0.00, 0.00, 0.00] class: 12
|   |   |   |   |   |   |   |   |   |   |   |   |   |   |   |   |   |--- feature_5294 >  105.50
|   |   |   |   |   |   |   |   |   |   |   |   |   |   |   |   |   |   |--- weights: [0.00, 0.00, 0.00, 0.00, 0.00, 0.00, 0.00, 0.00, 0.00, 0.00, 0.00, 0.00, 0.00, 0.00, 0.00, 0.00, 0.00, 0.00, 0.00, 0.00, 0.00, 13.00, 0.00, 0.00, 0.00, 0.00, 0.00, 0.00, 0.00] class: 23
|   |   |   |   |   |   |   |   |   |   |   |   |   |   |   |   |--- feature_520 >  271.00
|   |   |   |   |   |   |   |   |   |   |   |   |   |   |   |   |   |--- feature_264 <= 216.00
|   |   |   |   |   |   |   |   |   |   |   |   |   |   |   |   |   |   |--- feature_42 <= 144.50
|   |   |   |   |   |   |   |   |   |   |   |   |   |   |   |   |   |   |   |--- feature_9 <= 1043.50
|   |   |   |   |   |   |   |   |   |   |   |   |   |   |   |   |   |   |   |   |--- weights: [0.00, 3.00, 0.00, 0.00, 0.00, 0.00, 0.00, 0.00, 0.00, 0.00, 0.00, 0.00, 1.00, 0.00, 0.00, 1.00, 0.00, 0.00, 2.00, 0.00, 0.00, 1.00, 0.00, 0.00, 0.00, 0.00, 0.00, 0.00, 0.00] class: 2
|   |   |   |   |   |   |   |   |   |   |   |   |   |   |   |   |   |   |   |--- feature_9 >  1043.50
|   |   |   |   |   |   |   |   |   |   |   |   |   |   |   |   |   |   |   |   |--- weights: [0.00, 0.00, 3.00, 0.00, 0.00, 0.00, 0.00, 0.00, 0.00, 0.00, 0.00, 0.00, 0.00, 0.00, 0.00, 0.00, 0.00, 0.00, 0.00, 0.00, 0.00, 0.00, 0.00, 0.00, 0.00, 0.00, 0.00, 0.00, 0.00] class: 3
|   |   |   |   |   |   |   |   |   |   |   |   |   |   |   |   |   |   |--- feature_42 >  144.50
|   |   |   |   |   |   |   |   |   |   |   |   |   |   |   |   |   |   |   |--- weights: [0.00, 23.00, 0.00, 0.00, 0.00, 0.00, 0.00, 0.00, 0.00, 0.00, 0.00, 0.00, 0.00, 0.00, 0.00, 0.00, 0.00, 0.00, 0.00, 0.00, 0.00, 0.00, 0.00, 0.00, 0.00, 0.00, 0.00, 0.00, 0.00] class: 2
|   |   |   |   |   |   |   |   |   |   |   |   |   |   |   |   |   |--- feature_264 >  216.00
|   |   |   |   |   |   |   |   |   |   |   |   |   |   |   |   |   |   |--- feature_9 <= 417.50
|   |   |   |   |   |   |   |   |   |   |   |   |   |   |   |   |   |   |   |--- feature_237 <= 168.50
|   |   |   |   |   |   |   |   |   |   |   |   |   |   |   |   |   |   |   |   |--- weights: [0.00, 0.00, 0.00, 0.00, 0.00, 0.00, 0.00, 0.00, 0.00, 0.00, 0.00, 0.00, 0.00, 0.00, 0.00, 1.00, 0.00, 0.00, 0.00, 0.00, 0.00, 1.00, 0.00, 0.00, 0.00, 0.00, 0.00, 0.00, 0.00] class: 16
|   |   |   |   |   |   |   |   |   |   |   |   |   |   |   |   |   |   |   |--- feature_237 >  168.50
|   |   |   |   |   |   |   |   |   |   |   |   |   |   |   |   |   |   |   |   |--- weights: [0.00, 0.00, 0.00, 0.00, 0.00, 0.00, 0.00, 0.00, 0.00, 0.00, 0.00, 0.00, 4.00, 0.00, 0.00, 0.00, 0.00, 0.00, 0.00, 0.00, 0.00, 0.00, 0.00, 0.00, 0.00, 0.00, 0.00, 0.00, 0.00] class: 13
|   |   |   |   |   |   |   |   |   |   |   |   |   |   |   |   |   |   |--- feature_9 >  417.50
|   |   |   |   |   |   |   |   |   |   |   |   |   |   |   |   |   |   |   |--- weights: [0.00, 0.00, 11.00, 0.00, 0.00, 0.00, 0.00, 0.00, 0.00, 0.00, 0.00, 0.00, 0.00, 0.00, 0.00, 0.00, 0.00, 0.00, 0.00, 0.00, 0.00, 0.00, 0.00, 0.00, 0.00, 0.00, 0.00, 0.00, 0.00] class: 3
|   |   |   |   |   |   |   |   |   |   |   |   |   |   |   |--- feature_1407 >  266.50
|   |   |   |   |   |   |   |   |   |   |   |   |   |   |   |   |--- weights: [0.00, 0.00, 0.00, 0.00, 0.00, 0.00, 0.00, 0.00, 0.00, 0.00, 0.00, 0.00, 0.00, 0.00, 20.00, 0.00, 0.00, 0.00, 0.00, 0.00, 0.00, 0.00, 0.00, 0.00, 0.00, 0.00, 0.00, 0.00, 0.00] class: 15
|   |   |   |   |   |   |   |   |   |   |   |   |   |   |--- feature_558 >  474.00
|   |   |   |   |   |   |   |   |   |   |   |   |   |   |   |--- feature_97 <= 194.00
|   |   |   |   |   |   |   |   |   |   |   |   |   |   |   |   |--- feature_507 <= 170.00
|   |   |   |   |   |   |   |   |   |   |   |   |   |   |   |   |   |--- feature_19 <= 524.50
|   |   |   |   |   |   |   |   |   |   |   |   |   |   |   |   |   |   |--- feature_249 <= 290.00
|   |   |   |   |   |   |   |   |   |   |   |   |   |   |   |   |   |   |   |--- feature_13 <= 234.50
|   |   |   |   |   |   |   |   |   |   |   |   |   |   |   |   |   |   |   |   |--- weights: [0.00, 0.00, 0.00, 0.00, 0.00, 0.00, 0.00, 17.00, 0.00, 0.00, 0.00, 0.00, 0.00, 0.00, 0.00, 0.00, 0.00, 0.00, 0.00, 0.00, 0.00, 0.00, 0.00, 0.00, 0.00, 0.00, 0.00, 0.00, 0.00] class: 8
|   |   |   |   |   |   |   |   |   |   |   |   |   |   |   |   |   |   |   |--- feature_13 >  234.50
|   |   |   |   |   |   |   |   |   |   |   |   |   |   |   |   |   |   |   |   |--- weights: [1.00, 0.00, 0.00, 0.00, 0.00, 0.00, 1.00, 0.00, 0.00, 0.00, 0.00, 0.00, 0.00, 0.00, 0.00, 0.00, 0.00, 0.00, 0.00, 0.00, 0.00, 0.00, 0.00, 0.00, 0.00, 0.00, 0.00, 0.00, 0.00] class: 1
|   |   |   |   |   |   |   |   |   |   |   |   |   |   |   |   |   |   |--- feature_249 >  290.00
|   |   |   |   |   |   |   |   |   |   |   |   |   |   |   |   |   |   |   |--- feature_558 <= 2070.50
|   |   |   |   |   |   |   |   |   |   |   |   |   |   |   |   |   |   |   |   |--- weights: [0.00, 0.00, 0.00, 0.00, 0.00, 0.00, 0.00, 0.00, 0.00, 0.00, 2.00, 1.00, 0.00, 0.00, 0.00, 0.00, 0.00, 1.00, 0.00, 0.00, 0.00, 0.00, 0.00, 0.00, 0.00, 0.00, 0.00, 0.00, 0.00] class: 11
|   |   |   |   |   |   |   |   |   |   |   |   |   |   |   |   |   |   |   |--- feature_558 >  2070.50
|   |   |   |   |   |   |   |   |   |   |   |   |   |   |   |   |   |   |   |   |--- weights: [2.00, 0.00, 0.00, 0.00, 0.00, 0.00, 0.00, 0.00, 0.00, 0.00, 0.00, 0.00, 0.00, 0.00, 0.00, 0.00, 0.00, 0.00, 0.00, 0.00, 0.00, 0.00, 0.00, 0.00, 0.00, 0.00, 0.00, 0.00, 0.00] class: 1
|   |   |   |   |   |   |   |   |   |   |   |   |   |   |   |   |   |--- feature_19 >  524.50
|   |   |   |   |   |   |   |   |   |   |   |   |   |   |   |   |   |   |--- feature_182 <= 264.50
|   |   |   |   |   |   |   |   |   |   |   |   |   |   |   |   |   |   |   |--- feature_222 <= 489.50
|   |   |   |   |   |   |   |   |   |   |   |   |   |   |   |   |   |   |   |   |--- weights: [1.00, 0.00, 0.00, 2.00, 0.00, 1.00, 0.00, 0.00, 0.00, 0.00, 1.00, 1.00, 0.00, 1.00, 0.00, 0.00, 0.00, 0.00, 0.00, 1.00, 0.00, 0.00, 0.00, 0.00, 0.00, 0.00, 0.00, 0.00, 0.00] class: 4
|   |   |   |   |   |   |   |   |   |   |   |   |   |   |   |   |   |   |   |--- feature_222 >  489.50
|   |   |   |   |   |   |   |   |   |   |   |   |   |   |   |   |   |   |   |   |--- weights: [0.00, 0.00, 3.00, 0.00, 0.00, 0.00, 0.00, 0.00, 0.00, 0.00, 0.00, 0.00, 0.00, 0.00, 0.00, 0.00, 0.00, 0.00, 0.00, 0.00, 0.00, 0.00, 0.00, 0.00, 0.00, 0.00, 0.00, 0.00, 0.00] class: 3
|   |   |   |   |   |   |   |   |   |   |   |   |   |   |   |   |   |   |--- feature_182 >  264.50
|   |   |   |   |   |   |   |   |   |   |   |   |   |   |   |   |   |   |   |--- weights: [0.00, 0.00, 0.00, 0.00, 0.00, 0.00, 0.00, 0.00, 0.00, 0.00, 0.00, 0.00, 4.00, 0.00, 0.00, 0.00, 0.00, 0.00, 0.00, 0.00, 0.00, 0.00, 0.00, 0.00, 0.00, 0.00, 0.00, 0.00, 0.00] class: 13
|   |   |   |   |   |   |   |   |   |   |   |   |   |   |   |   |--- feature_507 >  170.00
|   |   |   |   |   |   |   |   |   |   |   |   |   |   |   |   |   |--- feature_580 <= 630.00
|   |   |   |   |   |   |   |   |   |   |   |   |   |   |   |   |   |   |--- weights: [0.00, 0.00, 0.00, 0.00, 0.00, 0.00, 0.00, 53.00, 0.00, 0.00, 0.00, 0.00, 0.00, 0.00, 0.00, 0.00, 0.00, 0.00, 0.00, 0.00, 0.00, 0.00, 0.00, 0.00, 0.00, 0.00, 0.00, 0.00, 0.00] class: 8
|   |   |   |   |   |   |   |   |   |   |   |   |   |   |   |   |   |--- feature_580 >  630.00
|   |   |   |   |   |   |   |   |   |   |   |   |   |   |   |   |   |   |--- weights: [0.00, 0.00, 1.00, 0.00, 0.00, 0.00, 0.00, 0.00, 0.00, 0.00, 0.00, 0.00, 0.00, 0.00, 0.00, 0.00, 0.00, 0.00, 0.00, 0.00, 0.00, 0.00, 0.00, 0.00, 0.00, 0.00, 0.00, 0.00, 0.00] class: 3
|   |   |   |   |   |   |   |   |   |   |   |   |   |   |   |--- feature_97 >  194.00
|   |   |   |   |   |   |   |   |   |   |   |   |   |   |   |   |--- feature_85 <= 1351.00
|   |   |   |   |   |   |   |   |   |   |   |   |   |   |   |   |   |--- weights: [22.00, 0.00, 0.00, 0.00, 0.00, 0.00, 0.00, 0.00, 0.00, 0.00, 0.00, 0.00, 0.00, 0.00, 0.00, 0.00, 0.00, 0.00, 0.00, 0.00, 0.00, 0.00, 0.00, 0.00, 0.00, 0.00, 0.00, 0.00, 0.00] class: 1
|   |   |   |   |   |   |   |   |   |   |   |   |   |   |   |   |--- feature_85 >  1351.00
|   |   |   |   |   |   |   |   |   |   |   |   |   |   |   |   |   |--- feature_580 <= 921.00
|   |   |   |   |   |   |   |   |   |   |   |   |   |   |   |   |   |   |--- weights: [0.00, 0.00, 0.00, 4.00, 0.00, 0.00, 0.00, 0.00, 0.00, 0.00, 0.00, 0.00, 0.00, 0.00, 0.00, 0.00, 0.00, 0.00, 0.00, 0.00, 0.00, 0.00, 0.00, 0.00, 0.00, 0.00, 0.00, 0.00, 0.00] class: 4
|   |   |   |   |   |   |   |   |   |   |   |   |   |   |   |   |   |--- feature_580 >  921.00
|   |   |   |   |   |   |   |   |   |   |   |   |   |   |   |   |   |   |--- weights: [0.00, 0.00, 0.00, 0.00, 0.00, 0.00, 0.00, 0.00, 0.00, 0.00, 0.00, 0.00, 0.00, 0.00, 0.00, 0.00, 0.00, 0.00, 0.00, 4.00, 0.00, 0.00, 0.00, 0.00, 0.00, 0.00, 0.00, 0.00, 0.00] class: 20
|   |   |   |   |   |   |   |   |   |   |   |   |   |--- feature_264 >  877.00
|   |   |   |   |   |   |   |   |   |   |   |   |   |   |--- feature_132 <= 477.00
|   |   |   |   |   |   |   |   |   |   |   |   |   |   |   |--- feature_18 <= 448.50
|   |   |   |   |   |   |   |   |   |   |   |   |   |   |   |   |--- feature_75 <= 914.00
|   |   |   |   |   |   |   |   |   |   |   |   |   |   |   |   |   |--- feature_337 <= 718.50
|   |   |   |   |   |   |   |   |   |   |   |   |   |   |   |   |   |   |--- feature_546 <= 220.00
|   |   |   |   |   |   |   |   |   |   |   |   |   |   |   |   |   |   |   |--- feature_109 <= 1761.00
|   |   |   |   |   |   |   |   |   |   |   |   |   |   |   |   |   |   |   |   |--- weights: [2.00, 0.00, 0.00, 1.00, 2.00, 6.00, 2.00, 1.00, 0.00, 0.00, 0.00, 5.00, 0.00, 3.00, 2.00, 0.00, 0.00, 1.00, 0.00, 1.00, 0.00, 0.00, 0.00, 0.00, 0.00, 0.00, 0.00, 1.00, 0.00] class: 6
|   |   |   |   |   |   |   |   |   |   |   |   |   |   |   |   |   |   |   |--- feature_109 >  1761.00
|   |   |   |   |   |   |   |   |   |   |   |   |   |   |   |   |   |   |   |   |--- weights: [0.00, 0.00, 0.00, 0.00, 0.00, 0.00, 0.00, 5.00, 0.00, 0.00, 0.00, 0.00, 3.00, 0.00, 0.00, 0.00, 0.00, 0.00, 0.00, 0.00, 0.00, 0.00, 0.00, 0.00, 0.00, 0.00, 0.00, 0.00, 0.00] class: 8
|   |   |   |   |   |   |   |   |   |   |   |   |   |   |   |   |   |   |--- feature_546 >  220.00
|   |   |   |   |   |   |   |   |   |   |   |   |   |   |   |   |   |   |   |--- weights: [0.00, 0.00, 0.00, 0.00, 0.00, 0.00, 0.00, 0.00, 0.00, 0.00, 0.00, 0.00, 0.00, 6.00, 0.00, 0.00, 0.00, 0.00, 0.00, 0.00, 0.00, 0.00, 0.00, 0.00, 0.00, 0.00, 0.00, 0.00, 0.00] class: 14
|   |   |   |   |   |   |   |   |   |   |   |   |   |   |   |   |   |--- feature_337 >  718.50
|   |   |   |   |   |   |   |   |   |   |   |   |   |   |   |   |   |   |--- feature_6714 <= 489.50
|   |   |   |   |   |   |   |   |   |   |   |   |   |   |   |   |   |   |   |--- weights: [0.00, 0.00, 0.00, 5.00, 0.00, 0.00, 0.00, 0.00, 0.00, 0.00, 0.00, 0.00, 0.00, 0.00, 0.00, 0.00, 0.00, 0.00, 0.00, 0.00, 0.00, 0.00, 0.00, 0.00, 0.00, 0.00, 0.00, 0.00, 0.00] class: 4
|   |   |   |   |   |   |   |   |   |   |   |   |   |   |   |   |   |   |--- feature_6714 >  489.50
|   |   |   |   |   |   |   |   |   |   |   |   |   |   |   |   |   |   |   |--- weights: [0.00, 0.00, 0.00, 0.00, 0.00, 0.00, 0.00, 0.00, 0.00, 0.00, 0.00, 0.00, 0.00, 0.00, 0.00, 0.00, 0.00, 0.00, 0.00, 1.00, 0.00, 0.00, 0.00, 0.00, 0.00, 0.00, 0.00, 0.00, 0.00] class: 20
|   |   |   |   |   |   |   |   |   |   |   |   |   |   |   |   |--- feature_75 >  914.00
|   |   |   |   |   |   |   |   |   |   |   |   |   |   |   |   |   |--- weights: [0.00, 0.00, 6.00, 0.00, 0.00, 0.00, 0.00, 0.00, 0.00, 0.00, 0.00, 0.00, 0.00, 0.00, 0.00, 0.00, 0.00, 0.00, 0.00, 0.00, 0.00, 0.00, 0.00, 0.00, 0.00, 0.00, 0.00, 0.00, 0.00] class: 3
|   |   |   |   |   |   |   |   |   |   |   |   |   |   |   |--- feature_18 >  448.50
|   |   |   |   |   |   |   |   |   |   |   |   |   |   |   |   |--- feature_85 <= 2026.00
|   |   |   |   |   |   |   |   |   |   |   |   |   |   |   |   |   |--- feature_662 <= 232.50
|   |   |   |   |   |   |   |   |   |   |   |   |   |   |   |   |   |   |--- feature_484 <= 619.00
|   |   |   |   |   |   |   |   |   |   |   |   |   |   |   |   |   |   |   |--- feature_574 <= 1037.00
|   |   |   |   |   |   |   |   |   |   |   |   |   |   |   |   |   |   |   |   |--- weights: [0.00, 0.00, 76.00, 0.00, 0.00, 0.00, 0.00, 1.00, 0.00, 0.00, 0.00, 0.00, 0.00, 0.00, 0.00, 0.00, 0.00, 0.00, 0.00, 0.00, 0.00, 0.00, 0.00, 0.00, 0.00, 0.00, 0.00, 0.00, 0.00] class: 3
|   |   |   |   |   |   |   |   |   |   |   |   |   |   |   |   |   |   |   |--- feature_574 >  1037.00
|   |   |   |   |   |   |   |   |   |   |   |   |   |   |   |   |   |   |   |   |--- weights: [0.00, 0.00, 0.00, 0.00, 0.00, 1.00, 0.00, 0.00, 0.00, 0.00, 0.00, 1.00, 0.00, 1.00, 0.00, 0.00, 0.00, 1.00, 0.00, 0.00, 0.00, 0.00, 0.00, 0.00, 0.00, 0.00, 0.00, 0.00, 0.00] class: 6
|   |   |   |   |   |   |   |   |   |   |   |   |   |   |   |   |   |   |--- feature_484 >  619.00
|   |   |   |   |   |   |   |   |   |   |   |   |   |   |   |   |   |   |   |--- feature_39 <= 1800.50
|   |   |   |   |   |   |   |   |   |   |   |   |   |   |   |   |   |   |   |   |--- weights: [0.00, 0.00, 0.00, 0.00, 0.00, 0.00, 0.00, 0.00, 0.00, 0.00, 0.00, 0.00, 3.00, 0.00, 0.00, 0.00, 0.00, 0.00, 0.00, 0.00, 0.00, 0.00, 0.00, 0.00, 0.00, 0.00, 0.00, 0.00, 0.00] class: 13
|   |   |   |   |   |   |   |   |   |   |   |   |   |   |   |   |   |   |   |--- feature_39 >  1800.50
|   |   |   |   |   |   |   |   |   |   |   |   |   |   |   |   |   |   |   |   |--- weights: [0.00, 0.00, 0.00, 0.00, 0.00, 1.00, 0.00, 0.00, 0.00, 0.00, 0.00, 0.00, 0.00, 0.00, 0.00, 0.00, 0.00, 0.00, 0.00, 0.00, 0.00, 0.00, 0.00, 0.00, 0.00, 0.00, 0.00, 0.00, 0.00] class: 6
|   |   |   |   |   |   |   |   |   |   |   |   |   |   |   |   |   |--- feature_662 >  232.50
|   |   |   |   |   |   |   |   |   |   |   |   |   |   |   |   |   |   |--- feature_568 <= 477.50
|   |   |   |   |   |   |   |   |   |   |   |   |   |   |   |   |   |   |   |--- weights: [0.00, 0.00, 0.00, 0.00, 0.00, 0.00, 0.00, 0.00, 0.00, 0.00, 0.00, 0.00, 5.00, 0.00, 0.00, 0.00, 0.00, 0.00, 0.00, 0.00, 0.00, 0.00, 0.00, 0.00, 0.00, 0.00, 0.00, 0.00, 0.00] class: 13
|   |   |   |   |   |   |   |   |   |   |   |   |   |   |   |   |   |   |--- feature_568 >  477.50
|   |   |   |   |   |   |   |   |   |   |   |   |   |   |   |   |   |   |   |--- feature_241 <= 489.50
|   |   |   |   |   |   |   |   |   |   |   |   |   |   |   |   |   |   |   |   |--- weights: [0.00, 0.00, 0.00, 0.00, 0.00, 0.00, 0.00, 0.00, 0.00, 0.00, 0.00, 0.00, 0.00, 0.00, 0.00, 0.00, 0.00, 0.00, 0.00, 1.00, 0.00, 0.00, 0.00, 0.00, 0.00, 0.00, 0.00, 0.00, 0.00] class: 20
|   |   |   |   |   |   |   |   |   |   |   |   |   |   |   |   |   |   |   |--- feature_241 >  489.50
|   |   |   |   |   |   |   |   |   |   |   |   |   |   |   |   |   |   |   |   |--- weights: [0.00, 0.00, 1.00, 0.00, 0.00, 0.00, 0.00, 0.00, 0.00, 0.00, 0.00, 0.00, 0.00, 0.00, 0.00, 0.00, 0.00, 0.00, 0.00, 0.00, 0.00, 0.00, 0.00, 0.00, 0.00, 0.00, 0.00, 0.00, 0.00] class: 3
|   |   |   |   |   |   |   |   |   |   |   |   |   |   |   |   |--- feature_85 >  2026.00
|   |   |   |   |   |   |   |   |   |   |   |   |   |   |   |   |   |--- feature_232 <= 164.00
|   |   |   |   |   |   |   |   |   |   |   |   |   |   |   |   |   |   |--- weights: [0.00, 0.00, 0.00, 4.00, 0.00, 0.00, 0.00, 0.00, 0.00, 0.00, 0.00, 0.00, 0.00, 0.00, 0.00, 0.00, 0.00, 0.00, 0.00, 0.00, 0.00, 0.00, 0.00, 0.00, 0.00, 0.00, 0.00, 0.00, 0.00] class: 4
|   |   |   |   |   |   |   |   |   |   |   |   |   |   |   |   |   |--- feature_232 >  164.00
|   |   |   |   |   |   |   |   |   |   |   |   |   |   |   |   |   |   |--- feature_5198 <= 188.50
|   |   |   |   |   |   |   |   |   |   |   |   |   |   |   |   |   |   |   |--- feature_50 <= 395.00
|   |   |   |   |   |   |   |   |   |   |   |   |   |   |   |   |   |   |   |   |--- weights: [0.00, 0.00, 0.00, 0.00, 0.00, 1.00, 0.00, 0.00, 0.00, 0.00, 0.00, 0.00, 0.00, 0.00, 0.00, 0.00, 0.00, 0.00, 0.00, 0.00, 0.00, 0.00, 0.00, 0.00, 0.00, 0.00, 0.00, 0.00, 0.00] class: 6
|   |   |   |   |   |   |   |   |   |   |   |   |   |   |   |   |   |   |   |--- feature_50 >  395.00
|   |   |   |   |   |   |   |   |   |   |   |   |   |   |   |   |   |   |   |   |--- weights: [0.00, 0.00, 0.00, 0.00, 0.00, 0.00, 0.00, 0.00, 0.00, 0.00, 0.00, 1.00, 0.00, 0.00, 0.00, 0.00, 0.00, 0.00, 0.00, 0.00, 0.00, 0.00, 0.00, 0.00, 0.00, 0.00, 0.00, 0.00, 0.00] class: 12
|   |   |   |   |   |   |   |   |   |   |   |   |   |   |   |   |   |   |--- feature_5198 >  188.50
|   |   |   |   |   |   |   |   |   |   |   |   |   |   |   |   |   |   |   |--- weights: [0.00, 0.00, 0.00, 0.00, 0.00, 0.00, 0.00, 0.00, 0.00, 0.00, 0.00, 0.00, 0.00, 2.00, 0.00, 0.00, 0.00, 0.00, 0.00, 0.00, 0.00, 0.00, 0.00, 0.00, 0.00, 0.00, 0.00, 0.00, 0.00] class: 14
|   |   |   |   |   |   |   |   |   |   |   |   |   |   |--- feature_132 >  477.00
|   |   |   |   |   |   |   |   |   |   |   |   |   |   |   |--- feature_491 <= 488.00
|   |   |   |   |   |   |   |   |   |   |   |   |   |   |   |   |--- feature_453 <= 275.50
|   |   |   |   |   |   |   |   |   |   |   |   |   |   |   |   |   |--- feature_574 <= 1037.50
|   |   |   |   |   |   |   |   |   |   |   |   |   |   |   |   |   |   |--- feature_357 <= 1158.00
|   |   |   |   |   |   |   |   |   |   |   |   |   |   |   |   |   |   |   |--- feature_398 <= 546.50
|   |   |   |   |   |   |   |   |   |   |   |   |   |   |   |   |   |   |   |   |--- weights: [0.00, 0.00, 0.00, 0.00, 0.00, 0.00, 0.00, 0.00, 0.00, 0.00, 0.00, 0.00, 86.00, 0.00, 0.00, 0.00, 0.00, 0.00, 0.00, 0.00, 0.00, 0.00, 0.00, 0.00, 0.00, 0.00, 0.00, 0.00, 0.00] class: 13
|   |   |   |   |   |   |   |   |   |   |   |   |   |   |   |   |   |   |   |--- feature_398 >  546.50
|   |   |   |   |   |   |   |   |   |   |   |   |   |   |   |   |   |   |   |   |--- weights: [0.00, 0.00, 0.00, 0.00, 0.00, 0.00, 0.00, 0.00, 0.00, 0.00, 0.00, 0.00, 0.00, 0.00, 1.00, 0.00, 0.00, 0.00, 0.00, 0.00, 0.00, 0.00, 0.00, 0.00, 0.00, 0.00, 0.00, 0.00, 0.00] class: 15
|   |   |   |   |   |   |   |   |   |   |   |   |   |   |   |   |   |   |--- feature_357 >  1158.00
|   |   |   |   |   |   |   |   |   |   |   |   |   |   |   |   |   |   |   |--- weights: [0.00, 0.00, 0.00, 0.00, 0.00, 0.00, 0.00, 0.00, 0.00, 0.00, 0.00, 0.00, 0.00, 1.00, 0.00, 0.00, 0.00, 0.00, 0.00, 0.00, 0.00, 0.00, 0.00, 0.00, 0.00, 0.00, 0.00, 0.00, 0.00] class: 14
|   |   |   |   |   |   |   |   |   |   |   |   |   |   |   |   |   |--- feature_574 >  1037.50
|   |   |   |   |   |   |   |   |   |   |   |   |   |   |   |   |   |   |--- feature_616 <= 352.50
|   |   |   |   |   |   |   |   |   |   |   |   |   |   |   |   |   |   |   |--- weights: [0.00, 0.00, 0.00, 0.00, 0.00, 2.00, 0.00, 0.00, 0.00, 0.00, 0.00, 0.00, 0.00, 0.00, 0.00, 0.00, 0.00, 0.00, 0.00, 0.00, 0.00, 0.00, 0.00, 0.00, 0.00, 0.00, 0.00, 0.00, 0.00] class: 6
|   |   |   |   |   |   |   |   |   |   |   |   |   |   |   |   |   |   |--- feature_616 >  352.50
|   |   |   |   |   |   |   |   |   |   |   |   |   |   |   |   |   |   |   |--- weights: [0.00, 0.00, 0.00, 0.00, 0.00, 0.00, 0.00, 0.00, 0.00, 0.00, 0.00, 0.00, 0.00, 1.00, 0.00, 0.00, 0.00, 0.00, 0.00, 0.00, 0.00, 0.00, 0.00, 0.00, 0.00, 0.00, 0.00, 0.00, 0.00] class: 14
|   |   |   |   |   |   |   |   |   |   |   |   |   |   |   |   |--- feature_453 >  275.50
|   |   |   |   |   |   |   |   |   |   |   |   |   |   |   |   |   |--- feature_132 <= 1819.50
|   |   |   |   |   |   |   |   |   |   |   |   |   |   |   |   |   |   |--- feature_8141 <= 1847.00
|   |   |   |   |   |   |   |   |   |   |   |   |   |   |   |   |   |   |   |--- feature_146 <= 831.00
|   |   |   |   |   |   |   |   |   |   |   |   |   |   |   |   |   |   |   |   |--- weights: [0.00, 0.00, 0.00, 0.00, 0.00, 0.00, 0.00, 0.00, 0.00, 0.00, 0.00, 2.00, 0.00, 0.00, 0.00, 0.00, 0.00, 0.00, 0.00, 0.00, 0.00, 0.00, 0.00, 0.00, 0.00, 0.00, 0.00, 0.00, 0.00] class: 12
|   |   |   |   |   |   |   |   |   |   |   |   |   |   |   |   |   |   |   |--- feature_146 >  831.00
|   |   |   |   |   |   |   |   |   |   |   |   |   |   |   |   |   |   |   |   |--- weights: [0.00, 0.00, 0.00, 1.00, 0.00, 1.00, 0.00, 0.00, 0.00, 0.00, 0.00, 0.00, 0.00, 0.00, 1.00, 0.00, 0.00, 0.00, 0.00, 0.00, 0.00, 0.00, 0.00, 0.00, 0.00, 0.00, 0.00, 0.00, 0.00] class: 4
|   |   |   |   |   |   |   |   |   |   |   |   |   |   |   |   |   |   |--- feature_8141 >  1847.00
|   |   |   |   |   |   |   |   |   |   |   |   |   |   |   |   |   |   |   |--- weights: [0.00, 0.00, 0.00, 0.00, 0.00, 0.00, 0.00, 3.00, 0.00, 0.00, 0.00, 0.00, 0.00, 0.00, 0.00, 0.00, 0.00, 0.00, 0.00, 0.00, 0.00, 0.00, 0.00, 0.00, 0.00, 0.00, 0.00, 0.00, 0.00] class: 8
|   |   |   |   |   |   |   |   |   |   |   |   |   |   |   |   |   |--- feature_132 >  1819.50
|   |   |   |   |   |   |   |   |   |   |   |   |   |   |   |   |   |   |--- weights: [0.00, 0.00, 0.00, 0.00, 4.00, 0.00, 0.00, 0.00, 0.00, 0.00, 0.00, 0.00, 0.00, 0.00, 0.00, 0.00, 0.00, 0.00, 0.00, 0.00, 0.00, 0.00, 0.00, 0.00, 0.00, 0.00, 0.00, 0.00, 0.00] class: 5
|   |   |   |   |   |   |   |   |   |   |   |   |   |   |   |--- feature_491 >  488.00
|   |   |   |   |   |   |   |   |   |   |   |   |   |   |   |   |--- feature_18 <= 688.00
|   |   |   |   |   |   |   |   |   |   |   |   |   |   |   |   |   |--- feature_515 <= 865.50
|   |   |   |   |   |   |   |   |   |   |   |   |   |   |   |   |   |   |--- feature_5370 <= 285.00
|   |   |   |   |   |   |   |   |   |   |   |   |   |   |   |   |   |   |   |--- feature_132 <= 767.50
|   |   |   |   |   |   |   |   |   |   |   |   |   |   |   |   |   |   |   |   |--- weights: [0.00, 0.00, 0.00, 1.00, 0.00, 0.00, 0.00, 0.00, 0.00, 0.00, 0.00, 0.00, 0.00, 1.00, 0.00, 0.00, 0.00, 0.00, 0.00, 0.00, 0.00, 0.00, 0.00, 0.00, 0.00, 0.00, 0.00, 0.00, 0.00] class: 4
|   |   |   |   |   |   |   |   |   |   |   |   |   |   |   |   |   |   |   |--- feature_132 >  767.50
|   |   |   |   |   |   |   |   |   |   |   |   |   |   |   |   |   |   |   |   |--- weights: [0.00, 0.00, 0.00, 0.00, 0.00, 0.00, 0.00, 2.00, 0.00, 0.00, 0.00, 0.00, 0.00, 0.00, 0.00, 0.00, 0.00, 0.00, 0.00, 0.00, 0.00, 0.00, 0.00, 0.00, 0.00, 0.00, 0.00, 0.00, 0.00] class: 8
|   |   |   |   |   |   |   |   |   |   |   |   |   |   |   |   |   |   |--- feature_5370 >  285.00
|   |   |   |   |   |   |   |   |   |   |   |   |   |   |   |   |   |   |   |--- weights: [0.00, 0.00, 0.00, 0.00, 0.00, 0.00, 0.00, 0.00, 0.00, 0.00, 0.00, 0.00, 2.00, 0.00, 0.00, 0.00, 0.00, 0.00, 0.00, 0.00, 0.00, 0.00, 0.00, 0.00, 0.00, 0.00, 0.00, 0.00, 0.00] class: 13
|   |   |   |   |   |   |   |   |   |   |   |   |   |   |   |   |   |--- feature_515 >  865.50
|   |   |   |   |   |   |   |   |   |   |   |   |   |   |   |   |   |   |--- weights: [0.00, 0.00, 0.00, 0.00, 5.00, 0.00, 0.00, 0.00, 0.00, 0.00, 0.00, 0.00, 0.00, 0.00, 0.00, 0.00, 0.00, 0.00, 0.00, 0.00, 0.00, 0.00, 0.00, 0.00, 0.00, 0.00, 0.00, 0.00, 0.00] class: 5
|   |   |   |   |   |   |   |   |   |   |   |   |   |   |   |   |--- feature_18 >  688.00
|   |   |   |   |   |   |   |   |   |   |   |   |   |   |   |   |   |--- feature_5529 <= 280.50
|   |   |   |   |   |   |   |   |   |   |   |   |   |   |   |   |   |   |--- weights: [0.00, 0.00, 13.00, 0.00, 0.00, 0.00, 0.00, 0.00, 0.00, 0.00, 0.00, 0.00, 0.00, 0.00, 0.00, 0.00, 0.00, 0.00, 0.00, 0.00, 0.00, 0.00, 0.00, 0.00, 0.00, 0.00, 0.00, 0.00, 0.00] class: 3
|   |   |   |   |   |   |   |   |   |   |   |   |   |   |   |   |   |--- feature_5529 >  280.50
|   |   |   |   |   |   |   |   |   |   |   |   |   |   |   |   |   |   |--- weights: [0.00, 0.00, 0.00, 0.00, 0.00, 0.00, 0.00, 0.00, 0.00, 0.00, 0.00, 0.00, 0.00, 2.00, 0.00, 0.00, 0.00, 0.00, 0.00, 0.00, 0.00, 0.00, 0.00, 0.00, 0.00, 0.00, 0.00, 0.00, 0.00] class: 14
|   |   |   |   |   |   |   |   |   |   |   |   |--- feature_9179 >  144.50
|   |   |   |   |   |   |   |   |   |   |   |   |   |--- weights: [0.00, 0.00, 0.00, 0.00, 0.00, 0.00, 0.00, 0.00, 0.00, 0.00, 0.00, 0.00, 0.00, 0.00, 54.00, 0.00, 0.00, 0.00, 0.00, 0.00, 0.00, 0.00, 0.00, 0.00, 0.00, 0.00, 0.00, 0.00, 0.00] class: 15
|   |   |   |   |   |   |   |   |   |   |   |--- feature_55 >  404.00
|   |   |   |   |   |   |   |   |   |   |   |   |--- feature_49 <= 54.50
|   |   |   |   |   |   |   |   |   |   |   |   |   |--- feature_232 <= 2266.00
|   |   |   |   |   |   |   |   |   |   |   |   |   |   |--- feature_83 <= 107.00
|   |   |   |   |   |   |   |   |   |   |   |   |   |   |   |--- feature_2776 <= 236.00
|   |   |   |   |   |   |   |   |   |   |   |   |   |   |   |   |--- feature_175 <= 234.50
|   |   |   |   |   |   |   |   |   |   |   |   |   |   |   |   |   |--- feature_315 <= 683.50
|   |   |   |   |   |   |   |   |   |   |   |   |   |   |   |   |   |   |--- feature_102 <= 140.50
|   |   |   |   |   |   |   |   |   |   |   |   |   |   |   |   |   |   |   |--- feature_71 <= 3367.50
|   |   |   |   |   |   |   |   |   |   |   |   |   |   |   |   |   |   |   |   |--- weights: [0.00, 0.00, 0.00, 0.00, 0.00, 103.00, 0.00, 0.00, 0.00, 0.00, 0.00, 0.00, 1.00, 0.00, 0.00, 0.00, 0.00, 0.00, 0.00, 0.00, 0.00, 0.00, 0.00, 0.00, 0.00, 0.00, 0.00, 0.00, 0.00] class: 6
|   |   |   |   |   |   |   |   |   |   |   |   |   |   |   |   |   |   |   |--- feature_71 >  3367.50
|   |   |   |   |   |   |   |   |   |   |   |   |   |   |   |   |   |   |   |   |--- weights: [0.00, 0.00, 0.00, 0.00, 0.00, 0.00, 0.00, 0.00, 0.00, 0.00, 0.00, 0.00, 0.00, 1.00, 0.00, 0.00, 0.00, 0.00, 0.00, 0.00, 0.00, 0.00, 0.00, 0.00, 0.00, 0.00, 0.00, 0.00, 0.00] class: 14
|   |   |   |   |   |   |   |   |   |   |   |   |   |   |   |   |   |   |--- feature_102 >  140.50
|   |   |   |   |   |   |   |   |   |   |   |   |   |   |   |   |   |   |   |--- feature_219 <= 364.50
|   |   |   |   |   |   |   |   |   |   |   |   |   |   |   |   |   |   |   |   |--- weights: [0.00, 0.00, 0.00, 1.00, 0.00, 0.00, 0.00, 0.00, 0.00, 0.00, 0.00, 0.00, 0.00, 0.00, 0.00, 0.00, 0.00, 0.00, 0.00, 0.00, 0.00, 0.00, 0.00, 0.00, 0.00, 0.00, 0.00, 0.00, 0.00] class: 4
|   |   |   |   |   |   |   |   |   |   |   |   |   |   |   |   |   |   |   |--- feature_219 >  364.50
|   |   |   |   |   |   |   |   |   |   |   |   |   |   |   |   |   |   |   |   |--- weights: [1.00, 0.00, 0.00, 0.00, 0.00, 0.00, 1.00, 0.00, 0.00, 0.00, 0.00, 0.00, 0.00, 0.00, 0.00, 0.00, 0.00, 0.00, 0.00, 0.00, 0.00, 0.00, 0.00, 0.00, 0.00, 0.00, 0.00, 0.00, 0.00] class: 1
|   |   |   |   |   |   |   |   |   |   |   |   |   |   |   |   |   |--- feature_315 >  683.50
|   |   |   |   |   |   |   |   |   |   |   |   |   |   |   |   |   |   |--- weights: [0.00, 0.00, 0.00, 0.00, 0.00, 0.00, 0.00, 0.00, 0.00, 0.00, 0.00, 0.00, 0.00, 2.00, 0.00, 0.00, 0.00, 0.00, 0.00, 0.00, 0.00, 0.00, 0.00, 0.00, 0.00, 0.00, 0.00, 0.00, 0.00] class: 14
|   |   |   |   |   |   |   |   |   |   |   |   |   |   |   |   |--- feature_175 >  234.50
|   |   |   |   |   |   |   |   |   |   |   |   |   |   |   |   |   |--- feature_9 <= 143.50
|   |   |   |   |   |   |   |   |   |   |   |   |   |   |   |   |   |   |--- weights: [0.00, 0.00, 0.00, 0.00, 0.00, 0.00, 0.00, 0.00, 0.00, 0.00, 0.00, 0.00, 0.00, 0.00, 0.00, 2.00, 0.00, 0.00, 0.00, 0.00, 0.00, 0.00, 0.00, 0.00, 0.00, 0.00, 0.00, 0.00, 0.00] class: 16
|   |   |   |   |   |   |   |   |   |   |   |   |   |   |   |   |   |--- feature_9 >  143.50
|   |   |   |   |   |   |   |   |   |   |   |   |   |   |   |   |   |   |--- feature_386 <= 286.50
|   |   |   |   |   |   |   |   |   |   |   |   |   |   |   |   |   |   |   |--- weights: [0.00, 0.00, 0.00, 0.00, 0.00, 0.00, 0.00, 0.00, 0.00, 0.00, 0.00, 0.00, 0.00, 0.00, 0.00, 0.00, 0.00, 1.00, 0.00, 0.00, 0.00, 0.00, 0.00, 0.00, 0.00, 0.00, 0.00, 0.00, 0.00] class: 18
|   |   |   |   |   |   |   |   |   |   |   |   |   |   |   |   |   |   |--- feature_386 >  286.50
|   |   |   |   |   |   |   |   |   |   |   |   |   |   |   |   |   |   |   |--- weights: [0.00, 0.00, 0.00, 0.00, 0.00, 0.00, 0.00, 0.00, 0.00, 0.00, 0.00, 0.00, 0.00, 0.00, 0.00, 0.00, 0.00, 0.00, 0.00, 0.00, 0.00, 1.00, 0.00, 0.00, 0.00, 0.00, 0.00, 0.00, 0.00] class: 23
|   |   |   |   |   |   |   |   |   |   |   |   |   |   |   |--- feature_2776 >  236.00
|   |   |   |   |   |   |   |   |   |   |   |   |   |   |   |   |--- weights: [0.00, 0.00, 0.00, 0.00, 0.00, 0.00, 0.00, 0.00, 0.00, 0.00, 0.00, 0.00, 0.00, 5.00, 0.00, 0.00, 0.00, 0.00, 0.00, 0.00, 0.00, 0.00, 0.00, 0.00, 0.00, 0.00, 0.00, 0.00, 0.00] class: 14
|   |   |   |   |   |   |   |   |   |   |   |   |   |   |--- feature_83 >  107.00
|   |   |   |   |   |   |   |   |   |   |   |   |   |   |   |--- feature_71 <= 177.50
|   |   |   |   |   |   |   |   |   |   |   |   |   |   |   |   |--- feature_68 <= 107.00
|   |   |   |   |   |   |   |   |   |   |   |   |   |   |   |   |   |--- weights: [1.00, 0.00, 0.00, 0.00, 0.00, 0.00, 0.00, 0.00, 0.00, 0.00, 0.00, 0.00, 0.00, 0.00, 0.00, 0.00, 0.00, 0.00, 0.00, 0.00, 0.00, 0.00, 0.00, 0.00, 0.00, 0.00, 0.00, 0.00, 0.00] class: 1
|   |   |   |   |   |   |   |   |   |   |   |   |   |   |   |   |--- feature_68 >  107.00
|   |   |   |   |   |   |   |   |   |   |   |   |   |   |   |   |   |--- weights: [0.00, 0.00, 0.00, 0.00, 0.00, 0.00, 0.00, 0.00, 0.00, 0.00, 0.00, 0.00, 0.00, 0.00, 0.00, 0.00, 0.00, 3.00, 0.00, 0.00, 0.00, 0.00, 0.00, 0.00, 0.00, 0.00, 0.00, 0.00, 0.00] class: 18
|   |   |   |   |   |   |   |   |   |   |   |   |   |   |   |--- feature_71 >  177.50
|   |   |   |   |   |   |   |   |   |   |   |   |   |   |   |   |--- weights: [0.00, 0.00, 0.00, 0.00, 0.00, 0.00, 0.00, 0.00, 0.00, 0.00, 0.00, 0.00, 0.00, 0.00, 0.00, 4.00, 0.00, 0.00, 0.00, 0.00, 0.00, 0.00, 0.00, 0.00, 0.00, 0.00, 0.00, 0.00, 0.00] class: 16
|   |   |   |   |   |   |   |   |   |   |   |   |   |--- feature_232 >  2266.00
|   |   |   |   |   |   |   |   |   |   |   |   |   |   |--- weights: [0.00, 0.00, 0.00, 0.00, 0.00, 0.00, 0.00, 0.00, 0.00, 7.00, 0.00, 0.00, 0.00, 0.00, 0.00, 0.00, 0.00, 0.00, 0.00, 0.00, 0.00, 0.00, 0.00, 0.00, 0.00, 0.00, 0.00, 0.00, 0.00] class: 10
|   |   |   |   |   |   |   |   |   |   |   |   |--- feature_49 >  54.50
|   |   |   |   |   |   |   |   |   |   |   |   |   |--- feature_17 <= 312.50
|   |   |   |   |   |   |   |   |   |   |   |   |   |   |--- feature_546 <= 358.00
|   |   |   |   |   |   |   |   |   |   |   |   |   |   |   |--- feature_366 <= 125.00
|   |   |   |   |   |   |   |   |   |   |   |   |   |   |   |   |--- feature_280 <= 142.50
|   |   |   |   |   |   |   |   |   |   |   |   |   |   |   |   |   |--- feature_862 <= 482.00
|   |   |   |   |   |   |   |   |   |   |   |   |   |   |   |   |   |   |--- feature_185 <= 601.50
|   |   |   |   |   |   |   |   |   |   |   |   |   |   |   |   |   |   |   |--- weights: [1.00, 0.00, 0.00, 0.00, 0.00, 0.00, 0.00, 0.00, 0.00, 0.00, 0.00, 0.00, 0.00, 0.00, 0.00, 0.00, 0.00, 0.00, 0.00, 0.00, 0.00, 0.00, 0.00, 0.00, 0.00, 0.00, 0.00, 0.00, 0.00] class: 1
|   |   |   |   |   |   |   |   |   |   |   |   |   |   |   |   |   |   |--- feature_185 >  601.50
|   |   |   |   |   |   |   |   |   |   |   |   |   |   |   |   |   |   |   |--- weights: [0.00, 0.00, 0.00, 0.00, 0.00, 0.00, 1.00, 0.00, 0.00, 0.00, 0.00, 0.00, 0.00, 0.00, 0.00, 0.00, 0.00, 0.00, 0.00, 0.00, 0.00, 0.00, 0.00, 0.00, 0.00, 0.00, 0.00, 0.00, 0.00] class: 7
|   |   |   |   |   |   |   |   |   |   |   |   |   |   |   |   |   |--- feature_862 >  482.00
|   |   |   |   |   |   |   |   |   |   |   |   |   |   |   |   |   |   |--- weights: [0.00, 0.00, 0.00, 0.00, 0.00, 0.00, 0.00, 0.00, 0.00, 0.00, 0.00, 0.00, 0.00, 0.00, 0.00, 0.00, 0.00, 0.00, 0.00, 1.00, 0.00, 0.00, 0.00, 0.00, 0.00, 0.00, 0.00, 0.00, 0.00] class: 20
|   |   |   |   |   |   |   |   |   |   |   |   |   |   |   |   |--- feature_280 >  142.50
|   |   |   |   |   |   |   |   |   |   |   |   |   |   |   |   |   |--- weights: [0.00, 0.00, 0.00, 0.00, 0.00, 0.00, 0.00, 0.00, 0.00, 0.00, 0.00, 0.00, 0.00, 0.00, 0.00, 2.00, 0.00, 0.00, 0.00, 0.00, 0.00, 0.00, 0.00, 0.00, 0.00, 0.00, 0.00, 0.00, 0.00] class: 16
|   |   |   |   |   |   |   |   |   |   |   |   |   |   |   |--- feature_366 >  125.00
|   |   |   |   |   |   |   |   |   |   |   |   |   |   |   |   |--- weights: [0.00, 0.00, 0.00, 0.00, 0.00, 0.00, 0.00, 0.00, 0.00, 0.00, 0.00, 0.00, 0.00, 0.00, 0.00, 0.00, 0.00, 6.00, 0.00, 0.00, 0.00, 0.00, 0.00, 0.00, 0.00, 0.00, 0.00, 0.00, 0.00] class: 18
|   |   |   |   |   |   |   |   |   |   |   |   |   |   |--- feature_546 >  358.00
|   |   |   |   |   |   |   |   |   |   |   |   |   |   |   |--- weights: [0.00, 0.00, 0.00, 0.00, 0.00, 0.00, 0.00, 0.00, 0.00, 0.00, 0.00, 0.00, 0.00, 10.00, 0.00, 0.00, 0.00, 0.00, 0.00, 0.00, 0.00, 0.00, 0.00, 0.00, 0.00, 0.00, 0.00, 0.00, 0.00] class: 14
|   |   |   |   |   |   |   |   |   |   |   |   |   |--- feature_17 >  312.50
|   |   |   |   |   |   |   |   |   |   |   |   |   |   |--- weights: [0.00, 0.00, 0.00, 0.00, 0.00, 0.00, 0.00, 0.00, 0.00, 0.00, 0.00, 0.00, 0.00, 0.00, 0.00, 0.00, 0.00, 0.00, 0.00, 0.00, 0.00, 8.00, 0.00, 0.00, 0.00, 0.00, 0.00, 0.00, 0.00] class: 23
|   |   |   |   |   |   |   |   |   |   |--- feature_210 >  465.50
|   |   |   |   |   |   |   |   |   |   |   |--- feature_481 <= 1345.00
|   |   |   |   |   |   |   |   |   |   |   |   |--- feature_304 <= 680.00
|   |   |   |   |   |   |   |   |   |   |   |   |   |--- feature_23 <= 537.00
|   |   |   |   |   |   |   |   |   |   |   |   |   |   |--- feature_573 <= 489.50
|   |   |   |   |   |   |   |   |   |   |   |   |   |   |   |--- feature_144 <= 285.00
|   |   |   |   |   |   |   |   |   |   |   |   |   |   |   |   |--- feature_89 <= 254.50
|   |   |   |   |   |   |   |   |   |   |   |   |   |   |   |   |   |--- feature_12 <= 150.50
|   |   |   |   |   |   |   |   |   |   |   |   |   |   |   |   |   |   |--- weights: [0.00, 0.00, 0.00, 0.00, 1.00, 0.00, 0.00, 0.00, 0.00, 0.00, 0.00, 0.00, 0.00, 0.00, 0.00, 0.00, 0.00, 0.00, 0.00, 0.00, 0.00, 0.00, 0.00, 0.00, 0.00, 0.00, 0.00, 0.00, 0.00] class: 5
|   |   |   |   |   |   |   |   |   |   |   |   |   |   |   |   |   |--- feature_12 >  150.50
|   |   |   |   |   |   |   |   |   |   |   |   |   |   |   |   |   |   |--- weights: [0.00, 0.00, 0.00, 0.00, 0.00, 0.00, 0.00, 1.00, 0.00, 0.00, 0.00, 0.00, 0.00, 0.00, 0.00, 0.00, 0.00, 0.00, 0.00, 0.00, 0.00, 0.00, 0.00, 0.00, 0.00, 0.00, 0.00, 0.00, 0.00] class: 8
|   |   |   |   |   |   |   |   |   |   |   |   |   |   |   |   |--- feature_89 >  254.50
|   |   |   |   |   |   |   |   |   |   |   |   |   |   |   |   |   |--- weights: [0.00, 0.00, 0.00, 0.00, 0.00, 0.00, 0.00, 0.00, 0.00, 0.00, 0.00, 0.00, 0.00, 0.00, 0.00, 1.00, 0.00, 0.00, 0.00, 0.00, 0.00, 0.00, 0.00, 0.00, 0.00, 0.00, 0.00, 0.00, 0.00] class: 16
|   |   |   |   |   |   |   |   |   |   |   |   |   |   |   |--- feature_144 >  285.00
|   |   |   |   |   |   |   |   |   |   |   |   |   |   |   |   |--- feature_408 <= 395.00
|   |   |   |   |   |   |   |   |   |   |   |   |   |   |   |   |   |--- weights: [0.00, 0.00, 0.00, 0.00, 0.00, 0.00, 0.00, 0.00, 0.00, 0.00, 0.00, 0.00, 0.00, 0.00, 0.00, 0.00, 0.00, 1.00, 0.00, 0.00, 0.00, 0.00, 0.00, 0.00, 0.00, 0.00, 0.00, 0.00, 0.00] class: 18
|   |   |   |   |   |   |   |   |   |   |   |   |   |   |   |   |--- feature_408 >  395.00
|   |   |   |   |   |   |   |   |   |   |   |   |   |   |   |   |   |--- weights: [0.00, 1.00, 0.00, 0.00, 0.00, 0.00, 0.00, 0.00, 0.00, 0.00, 0.00, 0.00, 0.00, 0.00, 0.00, 0.00, 0.00, 0.00, 0.00, 0.00, 0.00, 0.00, 0.00, 0.00, 0.00, 0.00, 0.00, 0.00, 0.00] class: 2
|   |   |   |   |   |   |   |   |   |   |   |   |   |   |--- feature_573 >  489.50
|   |   |   |   |   |   |   |   |   |   |   |   |   |   |   |--- weights: [0.00, 0.00, 0.00, 0.00, 0.00, 0.00, 0.00, 0.00, 0.00, 0.00, 0.00, 0.00, 0.00, 0.00, 2.00, 0.00, 0.00, 0.00, 0.00, 0.00, 0.00, 0.00, 0.00, 0.00, 0.00, 0.00, 0.00, 0.00, 0.00] class: 15
|   |   |   |   |   |   |   |   |   |   |   |   |   |--- feature_23 >  537.00
|   |   |   |   |   |   |   |   |   |   |   |   |   |   |--- weights: [0.00, 0.00, 0.00, 0.00, 0.00, 0.00, 0.00, 0.00, 0.00, 0.00, 0.00, 0.00, 0.00, 0.00, 0.00, 0.00, 0.00, 5.00, 0.00, 0.00, 0.00, 0.00, 0.00, 0.00, 0.00, 0.00, 0.00, 0.00, 0.00] class: 18
|   |   |   |   |   |   |   |   |   |   |   |   |--- feature_304 >  680.00
|   |   |   |   |   |   |   |   |   |   |   |   |   |--- feature_526 <= 575.00
|   |   |   |   |   |   |   |   |   |   |   |   |   |   |--- weights: [0.00, 0.00, 0.00, 0.00, 0.00, 0.00, 0.00, 11.00, 0.00, 0.00, 0.00, 0.00, 0.00, 0.00, 0.00, 0.00, 0.00, 0.00, 0.00, 0.00, 0.00, 0.00, 0.00, 0.00, 0.00, 0.00, 0.00, 0.00, 0.00] class: 8
|   |   |   |   |   |   |   |   |   |   |   |   |   |--- feature_526 >  575.00
|   |   |   |   |   |   |   |   |   |   |   |   |   |   |--- feature_386 <= 405.00
|   |   |   |   |   |   |   |   |   |   |   |   |   |   |   |--- weights: [0.00, 0.00, 0.00, 0.00, 0.00, 0.00, 0.00, 0.00, 0.00, 0.00, 0.00, 0.00, 0.00, 0.00, 1.00, 0.00, 0.00, 0.00, 0.00, 0.00, 0.00, 0.00, 0.00, 0.00, 0.00, 0.00, 0.00, 0.00, 0.00] class: 15
|   |   |   |   |   |   |   |   |   |   |   |   |   |   |--- feature_386 >  405.00
|   |   |   |   |   |   |   |   |   |   |   |   |   |   |   |--- weights: [1.00, 0.00, 0.00, 0.00, 0.00, 0.00, 0.00, 0.00, 0.00, 0.00, 0.00, 0.00, 0.00, 0.00, 0.00, 0.00, 0.00, 0.00, 0.00, 0.00, 0.00, 0.00, 0.00, 0.00, 0.00, 0.00, 0.00, 0.00, 0.00] class: 1
|   |   |   |   |   |   |   |   |   |   |   |--- feature_481 >  1345.00
|   |   |   |   |   |   |   |   |   |   |   |   |--- weights: [0.00, 0.00, 0.00, 81.00, 0.00, 0.00, 0.00, 0.00, 0.00, 0.00, 0.00, 0.00, 0.00, 0.00, 0.00, 0.00, 0.00, 0.00, 0.00, 0.00, 0.00, 0.00, 0.00, 0.00, 0.00, 0.00, 0.00, 0.00, 0.00] class: 4
|   |   |   |   |   |   |   |   |   |--- feature_7111 >  106.50
|   |   |   |   |   |   |   |   |   |   |--- weights: [0.00, 0.00, 0.00, 0.00, 0.00, 0.00, 0.00, 0.00, 0.00, 0.00, 0.00, 0.00, 0.00, 67.00, 0.00, 0.00, 0.00, 0.00, 0.00, 0.00, 0.00, 0.00, 0.00, 0.00, 0.00, 0.00, 0.00, 0.00, 0.00] class: 14
|   |   |   |   |   |   |   |   |--- feature_5033 >  114.00
|   |   |   |   |   |   |   |   |   |--- weights: [0.00, 69.00, 0.00, 0.00, 0.00, 0.00, 0.00, 0.00, 0.00, 0.00, 0.00, 0.00, 0.00, 0.00, 0.00, 0.00, 0.00, 0.00, 0.00, 0.00, 0.00, 0.00, 0.00, 0.00, 0.00, 0.00, 0.00, 0.00, 0.00] class: 2
|   |   |   |   |   |   |   |--- feature_289 >  429.50
|   |   |   |   |   |   |   |   |--- feature_124 <= 346.50
|   |   |   |   |   |   |   |   |   |--- feature_1722 <= 260.50
|   |   |   |   |   |   |   |   |   |   |--- feature_512 <= 135.00
|   |   |   |   |   |   |   |   |   |   |   |--- feature_123 <= 400.00
|   |   |   |   |   |   |   |   |   |   |   |   |--- feature_231 <= 324.50
|   |   |   |   |   |   |   |   |   |   |   |   |   |--- feature_29 <= 199.00
|   |   |   |   |   |   |   |   |   |   |   |   |   |   |--- feature_581 <= 475.00
|   |   |   |   |   |   |   |   |   |   |   |   |   |   |   |--- weights: [4.00, 0.00, 0.00, 0.00, 0.00, 0.00, 0.00, 0.00, 0.00, 0.00, 0.00, 0.00, 0.00, 0.00, 0.00, 0.00, 0.00, 0.00, 0.00, 0.00, 0.00, 0.00, 0.00, 0.00, 0.00, 0.00, 0.00, 0.00, 0.00] class: 1
|   |   |   |   |   |   |   |   |   |   |   |   |   |   |--- feature_581 >  475.00
|   |   |   |   |   |   |   |   |   |   |   |   |   |   |   |--- feature_292 <= 762.50
|   |   |   |   |   |   |   |   |   |   |   |   |   |   |   |   |--- weights: [0.00, 0.00, 0.00, 0.00, 0.00, 0.00, 0.00, 0.00, 0.00, 0.00, 0.00, 0.00, 0.00, 0.00, 0.00, 1.00, 0.00, 0.00, 0.00, 0.00, 0.00, 0.00, 0.00, 0.00, 0.00, 0.00, 0.00, 0.00, 0.00] class: 16
|   |   |   |   |   |   |   |   |   |   |   |   |   |   |   |--- feature_292 >  762.50
|   |   |   |   |   |   |   |   |   |   |   |   |   |   |   |   |--- weights: [0.00, 0.00, 0.00, 0.00, 1.00, 0.00, 0.00, 0.00, 0.00, 0.00, 0.00, 0.00, 0.00, 0.00, 0.00, 0.00, 0.00, 0.00, 0.00, 0.00, 0.00, 0.00, 0.00, 0.00, 0.00, 0.00, 0.00, 0.00, 0.00] class: 5
|   |   |   |   |   |   |   |   |   |   |   |   |   |--- feature_29 >  199.00
|   |   |   |   |   |   |   |   |   |   |   |   |   |   |--- feature_109 <= 1176.00
|   |   |   |   |   |   |   |   |   |   |   |   |   |   |   |--- feature_3834 <= 565.00
|   |   |   |   |   |   |   |   |   |   |   |   |   |   |   |   |--- feature_268 <= 669.00
|   |   |   |   |   |   |   |   |   |   |   |   |   |   |   |   |   |--- feature_415 <= 580.00
|   |   |   |   |   |   |   |   |   |   |   |   |   |   |   |   |   |   |--- weights: [0.00, 0.00, 0.00, 0.00, 0.00, 1.00, 0.00, 0.00, 0.00, 0.00, 0.00, 0.00, 0.00, 0.00, 0.00, 0.00, 0.00, 0.00, 0.00, 0.00, 0.00, 0.00, 0.00, 0.00, 0.00, 0.00, 0.00, 0.00, 0.00] class: 6
|   |   |   |   |   |   |   |   |   |   |   |   |   |   |   |   |   |--- feature_415 >  580.00
|   |   |   |   |   |   |   |   |   |   |   |   |   |   |   |   |   |   |--- weights: [0.00, 0.00, 0.00, 0.00, 0.00, 0.00, 0.00, 0.00, 0.00, 0.00, 0.00, 0.00, 0.00, 1.00, 0.00, 0.00, 0.00, 0.00, 0.00, 0.00, 0.00, 0.00, 0.00, 0.00, 0.00, 0.00, 0.00, 0.00, 0.00] class: 14
|   |   |   |   |   |   |   |   |   |   |   |   |   |   |   |   |--- feature_268 >  669.00
|   |   |   |   |   |   |   |   |   |   |   |   |   |   |   |   |   |--- weights: [0.00, 0.00, 0.00, 0.00, 0.00, 0.00, 0.00, 0.00, 0.00, 0.00, 0.00, 0.00, 0.00, 0.00, 1.00, 0.00, 0.00, 0.00, 0.00, 0.00, 0.00, 0.00, 0.00, 0.00, 0.00, 0.00, 0.00, 0.00, 0.00] class: 15
|   |   |   |   |   |   |   |   |   |   |   |   |   |   |   |--- feature_3834 >  565.00
|   |   |   |   |   |   |   |   |   |   |   |   |   |   |   |   |--- weights: [0.00, 1.00, 0.00, 0.00, 0.00, 0.00, 0.00, 0.00, 0.00, 0.00, 0.00, 0.00, 0.00, 0.00, 0.00, 0.00, 0.00, 0.00, 0.00, 0.00, 0.00, 0.00, 0.00, 0.00, 0.00, 0.00, 0.00, 0.00, 0.00] class: 2
|   |   |   |   |   |   |   |   |   |   |   |   |   |   |--- feature_109 >  1176.00
|   |   |   |   |   |   |   |   |   |   |   |   |   |   |   |--- weights: [0.00, 0.00, 0.00, 0.00, 0.00, 0.00, 0.00, 0.00, 0.00, 0.00, 2.00, 0.00, 0.00, 0.00, 0.00, 0.00, 0.00, 0.00, 0.00, 0.00, 0.00, 0.00, 0.00, 0.00, 0.00, 0.00, 0.00, 0.00, 0.00] class: 11
|   |   |   |   |   |   |   |   |   |   |   |   |--- feature_231 >  324.50
|   |   |   |   |   |   |   |   |   |   |   |   |   |--- weights: [0.00, 0.00, 0.00, 0.00, 0.00, 0.00, 0.00, 0.00, 0.00, 0.00, 0.00, 2.00, 0.00, 0.00, 0.00, 0.00, 0.00, 0.00, 0.00, 0.00, 0.00, 0.00, 0.00, 0.00, 0.00, 0.00, 0.00, 0.00, 0.00] class: 12
|   |   |   |   |   |   |   |   |   |   |   |--- feature_123 >  400.00
|   |   |   |   |   |   |   |   |   |   |   |   |--- weights: [0.00, 0.00, 0.00, 0.00, 0.00, 0.00, 0.00, 3.00, 0.00, 0.00, 0.00, 0.00, 0.00, 0.00, 0.00, 0.00, 0.00, 0.00, 0.00, 0.00, 0.00, 0.00, 0.00, 0.00, 0.00, 0.00, 0.00, 0.00, 0.00] class: 8
|   |   |   |   |   |   |   |   |   |   |--- feature_512 >  135.00
|   |   |   |   |   |   |   |   |   |   |   |--- weights: [0.00, 0.00, 0.00, 0.00, 0.00, 0.00, 0.00, 0.00, 0.00, 0.00, 0.00, 0.00, 0.00, 0.00, 0.00, 0.00, 0.00, 3.00, 0.00, 0.00, 0.00, 0.00, 0.00, 0.00, 0.00, 0.00, 0.00, 0.00, 0.00] class: 18
|   |   |   |   |   |   |   |   |   |--- feature_1722 >  260.50
|   |   |   |   |   |   |   |   |   |   |--- weights: [0.00, 0.00, 0.00, 0.00, 0.00, 0.00, 0.00, 0.00, 0.00, 0.00, 0.00, 0.00, 0.00, 0.00, 4.00, 0.00, 0.00, 0.00, 0.00, 0.00, 0.00, 0.00, 0.00, 0.00, 0.00, 0.00, 0.00, 0.00, 0.00] class: 15
|   |   |   |   |   |   |   |   |--- feature_124 >  346.50
|   |   |   |   |   |   |   |   |   |--- feature_386 <= 571.00
|   |   |   |   |   |   |   |   |   |   |--- weights: [0.00, 0.00, 0.00, 0.00, 0.00, 0.00, 0.00, 0.00, 0.00, 0.00, 88.00, 0.00, 0.00, 0.00, 0.00, 0.00, 0.00, 0.00, 0.00, 0.00, 0.00, 0.00, 0.00, 0.00, 0.00, 0.00, 0.00, 0.00, 0.00] class: 11
|   |   |   |   |   |   |   |   |   |--- feature_386 >  571.00
|   |   |   |   |   |   |   |   |   |   |--- feature_258 <= 328.00
|   |   |   |   |   |   |   |   |   |   |   |--- weights: [0.00, 0.00, 0.00, 0.00, 0.00, 0.00, 0.00, 0.00, 0.00, 0.00, 0.00, 0.00, 0.00, 0.00, 0.00, 0.00, 0.00, 3.00, 0.00, 0.00, 0.00, 0.00, 0.00, 0.00, 0.00, 0.00, 0.00, 0.00, 0.00] class: 18
|   |   |   |   |   |   |   |   |   |   |--- feature_258 >  328.00
|   |   |   |   |   |   |   |   |   |   |   |--- weights: [0.00, 0.00, 0.00, 1.00, 0.00, 0.00, 0.00, 0.00, 0.00, 0.00, 0.00, 0.00, 0.00, 0.00, 0.00, 0.00, 0.00, 0.00, 0.00, 0.00, 0.00, 0.00, 0.00, 0.00, 0.00, 0.00, 0.00, 0.00, 0.00] class: 4
|   |   |   |   |   |   |--- feature_819 >  7789.00
|   |   |   |   |   |   |   |--- feature_8810 <= 1489.50
|   |   |   |   |   |   |   |   |--- weights: [0.00, 0.00, 0.00, 0.00, 0.00, 0.00, 0.00, 0.00, 0.00, 0.00, 0.00, 0.00, 0.00, 0.00, 0.00, 0.00, 68.00, 0.00, 0.00, 0.00, 0.00, 0.00, 0.00, 0.00, 0.00, 0.00, 0.00, 0.00, 0.00] class: 17
|   |   |   |   |   |   |   |--- feature_8810 >  1489.50
|   |   |   |   |   |   |   |   |--- weights: [0.00, 0.00, 0.00, 0.00, 0.00, 0.00, 0.00, 0.00, 0.00, 0.00, 0.00, 0.00, 0.00, 0.00, 0.00, 0.00, 0.00, 0.00, 0.00, 0.00, 0.00, 0.00, 0.00, 0.00, 0.00, 0.00, 0.00, 1.00, 0.00] class: 30
|   |   |   |   |   |--- feature_705 >  433.00
|   |   |   |   |   |   |--- feature_78 <= 134.50
|   |   |   |   |   |   |   |--- feature_2205 <= 697.50
|   |   |   |   |   |   |   |   |--- weights: [82.00, 0.00, 0.00, 0.00, 0.00, 0.00, 0.00, 0.00, 0.00, 0.00, 0.00, 0.00, 0.00, 0.00, 0.00, 0.00, 0.00, 0.00, 0.00, 0.00, 0.00, 0.00, 0.00, 0.00, 0.00, 0.00, 0.00, 0.00, 0.00] class: 1
|   |   |   |   |   |   |   |--- feature_2205 >  697.50
|   |   |   |   |   |   |   |   |--- weights: [0.00, 0.00, 0.00, 0.00, 0.00, 0.00, 0.00, 0.00, 0.00, 0.00, 0.00, 0.00, 0.00, 0.00, 1.00, 0.00, 0.00, 0.00, 0.00, 0.00, 0.00, 0.00, 0.00, 0.00, 0.00, 0.00, 0.00, 0.00, 0.00] class: 15
|   |   |   |   |   |   |--- feature_78 >  134.50
|   |   |   |   |   |   |   |--- weights: [0.00, 0.00, 0.00, 0.00, 0.00, 0.00, 0.00, 0.00, 0.00, 0.00, 0.00, 0.00, 0.00, 0.00, 0.00, 2.00, 0.00, 0.00, 0.00, 0.00, 0.00, 0.00, 0.00, 0.00, 0.00, 0.00, 0.00, 0.00, 0.00] class: 16
|   |   |   |   |--- feature_7091 >  134.00
|   |   |   |   |   |--- weights: [0.00, 0.00, 0.00, 0.00, 82.00, 0.00, 0.00, 0.00, 0.00, 0.00, 0.00, 0.00, 0.00, 0.00, 0.00, 0.00, 0.00, 0.00, 0.00, 0.00, 0.00, 0.00, 0.00, 0.00, 0.00, 0.00, 0.00, 0.00, 0.00] class: 5
|   |   |   |--- feature_3 >  1392.50
|   |   |   |   |--- feature_173 <= 362.50
|   |   |   |   |   |--- feature_507 <= 1567.50
|   |   |   |   |   |   |--- weights: [0.00, 0.00, 0.00, 0.00, 0.00, 0.00, 0.00, 0.00, 0.00, 108.00, 0.00, 0.00, 0.00, 0.00, 0.00, 0.00, 0.00, 0.00, 0.00, 0.00, 0.00, 0.00, 0.00, 0.00, 0.00, 0.00, 0.00, 0.00, 0.00] class: 10
|   |   |   |   |   |--- feature_507 >  1567.50
|   |   |   |   |   |   |--- weights: [0.00, 0.00, 0.00, 0.00, 0.00, 0.00, 0.00, 2.00, 0.00, 0.00, 0.00, 0.00, 0.00, 0.00, 0.00, 0.00, 0.00, 0.00, 0.00, 0.00, 0.00, 0.00, 0.00, 0.00, 0.00, 0.00, 0.00, 0.00, 0.00] class: 8
|   |   |   |   |--- feature_173 >  362.50
|   |   |   |   |   |--- feature_420 <= 182.50
|   |   |   |   |   |   |--- feature_210 <= 189.50
|   |   |   |   |   |   |   |--- weights: [0.00, 0.00, 0.00, 0.00, 0.00, 0.00, 0.00, 0.00, 0.00, 0.00, 0.00, 0.00, 0.00, 4.00, 0.00, 0.00, 0.00, 0.00, 0.00, 0.00, 0.00, 0.00, 0.00, 0.00, 0.00, 0.00, 0.00, 0.00, 0.00] class: 14
|   |   |   |   |   |   |--- feature_210 >  189.50
|   |   |   |   |   |   |   |--- weights: [0.00, 0.00, 0.00, 3.00, 0.00, 0.00, 0.00, 0.00, 0.00, 0.00, 0.00, 0.00, 0.00, 0.00, 0.00, 0.00, 0.00, 0.00, 0.00, 0.00, 0.00, 0.00, 0.00, 0.00, 0.00, 0.00, 0.00, 0.00, 0.00] class: 4
|   |   |   |   |   |--- feature_420 >  182.50
|   |   |   |   |   |   |--- weights: [0.00, 0.00, 0.00, 0.00, 0.00, 4.00, 0.00, 0.00, 0.00, 0.00, 0.00, 0.00, 0.00, 0.00, 0.00, 0.00, 0.00, 0.00, 0.00, 0.00, 0.00, 0.00, 0.00, 0.00, 0.00, 0.00, 0.00, 0.00, 0.00] class: 6
|   |   |--- feature_297 >  905.00
|   |   |   |--- feature_172 <= 250.50
|   |   |   |   |--- feature_126 <= 825.50
|   |   |   |   |   |--- feature_3328 <= 1569.50
|   |   |   |   |   |   |--- weights: [0.00, 0.00, 0.00, 0.00, 0.00, 0.00, 102.00, 0.00, 0.00, 0.00, 0.00, 0.00, 0.00, 0.00, 0.00, 0.00, 0.00, 0.00, 0.00, 0.00, 0.00, 0.00, 0.00, 0.00, 0.00, 0.00, 0.00, 0.00, 0.00] class: 7
|   |   |   |   |   |--- feature_3328 >  1569.50
|   |   |   |   |   |   |--- weights: [0.00, 0.00, 0.00, 0.00, 0.00, 0.00, 0.00, 0.00, 0.00, 1.00, 0.00, 0.00, 0.00, 0.00, 0.00, 0.00, 0.00, 0.00, 0.00, 0.00, 0.00, 0.00, 0.00, 0.00, 0.00, 0.00, 0.00, 0.00, 0.00] class: 10
|   |   |   |   |--- feature_126 >  825.50
|   |   |   |   |   |--- feature_126 <= 1306.50
|   |   |   |   |   |   |--- weights: [0.00, 0.00, 0.00, 0.00, 0.00, 0.00, 0.00, 0.00, 0.00, 0.00, 0.00, 0.00, 0.00, 0.00, 0.00, 1.00, 0.00, 0.00, 0.00, 0.00, 0.00, 0.00, 0.00, 0.00, 0.00, 0.00, 0.00, 0.00, 0.00] class: 16
|   |   |   |   |   |--- feature_126 >  1306.50
|   |   |   |   |   |   |--- weights: [0.00, 0.00, 0.00, 0.00, 0.00, 0.00, 0.00, 0.00, 0.00, 0.00, 0.00, 0.00, 0.00, 0.00, 0.00, 0.00, 0.00, 0.00, 0.00, 0.00, 0.00, 1.00, 0.00, 0.00, 0.00, 0.00, 0.00, 0.00, 0.00] class: 23
|   |   |   |--- feature_172 >  250.50
|   |   |   |   |--- feature_3189 <= 472.00
|   |   |   |   |   |--- weights: [0.00, 0.00, 2.00, 0.00, 0.00, 0.00, 0.00, 0.00, 0.00, 0.00, 0.00, 0.00, 0.00, 0.00, 0.00, 0.00, 0.00, 0.00, 0.00, 0.00, 0.00, 0.00, 0.00, 0.00, 0.00, 0.00, 0.00, 0.00, 0.00] class: 3
|   |   |   |   |--- feature_3189 >  472.00
|   |   |   |   |   |--- weights: [0.00, 0.00, 0.00, 0.00, 0.00, 0.00, 0.00, 0.00, 0.00, 0.00, 0.00, 0.00, 0.00, 0.00, 0.00, 0.00, 0.00, 0.00, 0.00, 0.00, 0.00, 1.00, 0.00, 0.00, 0.00, 0.00, 0.00, 0.00, 0.00] class: 23
|   |--- feature_9039 >  153.50
|   |   |--- weights: [0.00, 0.00, 0.00, 0.00, 0.00, 0.00, 0.00, 0.00, 0.00, 0.00, 0.00, 123.00, 0.00, 0.00, 0.00, 0.00, 0.00, 0.00, 0.00, 0.00, 0.00, 0.00, 0.00, 0.00, 0.00, 0.00, 0.00, 0.00, 0.00] class: 12
|--- feature_2502 >  106.00
|   |--- feature_638 <= 164.00
|   |   |--- weights: [0.00, 0.00, 0.00, 0.00, 0.00, 0.00, 0.00, 0.00, 134.00, 0.00, 0.00, 0.00, 0.00, 0.00, 0.00, 0.00, 0.00, 0.00, 0.00, 0.00, 0.00, 0.00, 0.00, 0.00, 0.00, 0.00, 0.00, 0.00, 0.00] class: 9
|   |--- feature_638 >  164.00
|   |   |--- weights: [0.00, 0.00, 0.00, 0.00, 0.00, 0.00, 0.00, 0.00, 0.00, 0.00, 0.00, 0.00, 2.00, 0.00, 0.00, 0.00, 0.00, 0.00, 0.00, 0.00, 0.00, 0.00, 0.00, 0.00, 0.00, 0.00, 0.00, 0.00, 0.00] class: 13
