|--- (']', ' ') <= 93.50
|   |--- ('ä', ' ') <= 122.50
|   |   |--- ('t', 'h') <= 904.50
|   |   |   |--- ('n', 'g') <= 1608.00
|   |   |   |   |--- ('è', ' ') <= 115.00
|   |   |   |   |   |--- ('a', 'j') <= 510.50
|   |   |   |   |   |   |--- ('ä', 'r') <= 96.00
|   |   |   |   |   |   |   |--- ('ã', 'o') <= 107.50
|   |   |   |   |   |   |   |   |--- (' ', ' ') <= 4191.00
|   |   |   |   |   |   |   |   |   |--- ('i', 'j') <= 495.00
|   |   |   |   |   |   |   |   |   |   |--- weights: [3.00, 441.00, 195.00, 532.00, 107.00, 123.00, 550.00, 57.00, 432.00, 2.00, 67.00, 112.00, 118.00, 516.00, 237.00, 428.00, 137.00, 14.00, 122.00, 49.00, 19.00, 5.00, 3.00, 138.00, 2.00, 5.00, 21.00, 3.00, 4.00, 5.00, 3.00, 11.00, 4.00, 4.00, 3.00, 1.00, 1.00, 0.00, 1.00] class: Norwegian
|   |   |   |   |   |   |   |   |   |--- ('i', 'j') >  495.00
|   |   |   |   |   |   |   |   |   |   |--- weights: [0.00, 16.00, 2.00, 0.00, 387.00, 4.00, 0.00, 0.00, 65.00, 0.00, 0.00, 3.00, 2.00, 0.00, 0.00, 17.00, 8.00, 0.00, 24.00, 0.00, 0.00, 0.00, 0.00, 0.00, 0.00, 0.00, 0.00, 0.00, 0.00, 0.00, 0.00, 0.00, 0.00, 0.00, 0.00, 0.00, 0.00, 0.00, 0.00] class: Dutch
|   |   |   |   |   |   |   |   |--- (' ', ' ') >  4191.00
|   |   |   |   |   |   |   |   |   |--- (':', ' ') <= 2087.50
|   |   |   |   |   |   |   |   |   |   |--- weights: [0.00, 0.00, 0.00, 0.00, 0.00, 0.00, 0.00, 0.00, 0.00, 0.00, 0.00, 0.00, 0.00, 0.00, 0.00, 0.00, 0.00, 273.00, 0.00, 0.00, 0.00, 0.00, 0.00, 0.00, 0.00, 0.00, 0.00, 0.00, 0.00, 0.00, 1.00, 0.00, 1.00, 0.00, 0.00, 0.00, 0.00, 0.00, 0.00] class: Assembly
|   |   |   |   |   |   |   |   |   |--- (':', ' ') >  2087.50
|   |   |   |   |   |   |   |   |   |   |--- weights: [0.00, 0.00, 0.00, 0.00, 0.00, 0.00, 0.00, 0.00, 0.00, 0.00, 0.00, 0.00, 0.00, 0.00, 0.00, 0.00, 0.00, 0.00, 0.00, 0.00, 0.00, 0.00, 0.00, 0.00, 0.00, 0.00, 0.00, 0.00, 0.00, 0.00, 0.00, 0.00, 2.00, 0.00, 0.00, 0.00, 0.00, 0.00, 0.00] class: go
|   |   |   |   |   |   |   |--- ('ã', 'o') >  107.50
|   |   |   |   |   |   |   |   |--- weights: [0.00, 0.00, 309.00, 0.00, 0.00, 0.00, 0.00, 0.00, 0.00, 0.00, 0.00, 0.00, 0.00, 0.00, 0.00, 0.00, 0.00, 0.00, 0.00, 0.00, 0.00, 0.00, 0.00, 0.00, 0.00, 0.00, 0.00, 0.00, 0.00, 0.00, 0.00, 0.00, 0.00, 0.00, 0.00, 0.00, 0.00, 0.00, 0.00] class: Portugese
|   |   |   |   |   |   |--- ('ä', 'r') >  96.00
|   |   |   |   |   |   |   |--- ('i', 'i') <= 372.50
|   |   |   |   |   |   |   |   |--- ('o', 'i') <= 395.00
|   |   |   |   |   |   |   |   |   |--- weights: [0.00, 0.00, 0.00, 0.00, 0.00, 0.00, 0.00, 0.00, 0.00, 0.00, 0.00, 0.00, 0.00, 0.00, 329.00, 0.00, 0.00, 0.00, 0.00, 0.00, 0.00, 0.00, 0.00, 0.00, 0.00, 0.00, 0.00, 0.00, 0.00, 0.00, 0.00, 0.00, 0.00, 0.00, 0.00, 0.00, 0.00, 0.00, 0.00] class: Swedish
|   |   |   |   |   |   |   |   |--- ('o', 'i') >  395.00
|   |   |   |   |   |   |   |   |   |--- weights: [0.00, 0.00, 0.00, 0.00, 0.00, 0.00, 0.00, 0.00, 0.00, 0.00, 0.00, 0.00, 1.00, 0.00, 0.00, 0.00, 0.00, 0.00, 0.00, 0.00, 0.00, 0.00, 0.00, 0.00, 0.00, 0.00, 0.00, 0.00, 0.00, 0.00, 0.00, 0.00, 0.00, 0.00, 0.00, 0.00, 0.00, 0.00, 0.00] class: Finnish
|   |   |   |   |   |   |   |--- ('i', 'i') >  372.50
|   |   |   |   |   |   |   |   |--- weights: [0.00, 0.00, 0.00, 0.00, 0.00, 0.00, 0.00, 0.00, 0.00, 0.00, 0.00, 0.00, 4.00, 0.00, 0.00, 0.00, 0.00, 0.00, 0.00, 0.00, 0.00, 0.00, 0.00, 0.00, 0.00, 0.00, 0.00, 0.00, 0.00, 0.00, 0.00, 0.00, 0.00, 0.00, 0.00, 0.00, 0.00, 0.00, 0.00] class: Finnish
|   |   |   |   |   |--- ('a', 'j') >  510.50
|   |   |   |   |   |   |--- ('j', ' ') <= 475.50
|   |   |   |   |   |   |   |--- ('i', 'e') <= 529.00
|   |   |   |   |   |   |   |   |--- ('a', '\xa0') <= 262.50
|   |   |   |   |   |   |   |   |   |--- ('s', ' ') <= 967.50
|   |   |   |   |   |   |   |   |   |   |--- weights: [0.00, 9.00, 3.00, 0.00, 1.00, 6.00, 2.00, 0.00, 0.00, 0.00, 0.00, 3.00, 5.00, 1.00, 0.00, 10.00, 5.00, 0.00, 4.00, 0.00, 0.00, 0.00, 0.00, 1.00, 0.00, 0.00, 0.00, 0.00, 0.00, 0.00, 0.00, 0.00, 0.00, 0.00, 0.00, 0.00, 0.00, 0.00, 0.00] class: Czech
|   |   |   |   |   |   |   |   |   |--- ('s', ' ') >  967.50
|   |   |   |   |   |   |   |   |   |   |--- weights: [0.00, 0.00, 2.00, 0.00, 0.00, 1.00, 0.00, 0.00, 3.00, 0.00, 0.00, 10.00, 0.00, 1.00, 1.00, 0.00, 0.00, 0.00, 0.00, 0.00, 0.00, 0.00, 0.00, 0.00, 0.00, 0.00, 0.00, 0.00, 0.00, 0.00, 0.00, 0.00, 0.00, 0.00, 0.00, 0.00, 0.00, 0.00, 0.00] class: Esperanto
|   |   |   |   |   |   |   |   |--- ('a', '\xa0') >  262.50
|   |   |   |   |   |   |   |   |   |--- weights: [0.00, 0.00, 0.00, 0.00, 0.00, 0.00, 0.00, 0.00, 0.00, 0.00, 0.00, 0.00, 0.00, 0.00, 0.00, 13.00, 0.00, 0.00, 0.00, 0.00, 0.00, 0.00, 0.00, 0.00, 0.00, 0.00, 0.00, 0.00, 0.00, 0.00, 0.00, 0.00, 0.00, 0.00, 0.00, 0.00, 0.00, 0.00, 0.00] class: Czech
|   |   |   |   |   |   |   |--- ('i', 'e') >  529.00
|   |   |   |   |   |   |   |   |--- ('s', ' ') <= 312.50
|   |   |   |   |   |   |   |   |   |--- ('h', 'y') <= 273.50
|   |   |   |   |   |   |   |   |   |   |--- weights: [0.00, 47.00, 0.00, 0.00, 0.00, 0.00, 0.00, 0.00, 0.00, 0.00, 0.00, 0.00, 0.00, 0.00, 0.00, 0.00, 0.00, 0.00, 0.00, 0.00, 0.00, 0.00, 0.00, 0.00, 0.00, 0.00, 0.00, 0.00, 0.00, 0.00, 0.00, 0.00, 0.00, 0.00, 0.00, 0.00, 0.00, 0.00, 0.00] class: Polish
|   |   |   |   |   |   |   |   |   |--- ('h', 'y') >  273.50
|   |   |   |   |   |   |   |   |   |   |--- weights: [0.00, 0.00, 0.00, 0.00, 0.00, 0.00, 0.00, 0.00, 0.00, 0.00, 0.00, 0.00, 0.00, 0.00, 0.00, 0.00, 0.00, 0.00, 0.00, 0.00, 0.00, 0.00, 0.00, 1.00, 0.00, 0.00, 0.00, 0.00, 0.00, 0.00, 0.00, 0.00, 0.00, 0.00, 0.00, 0.00, 0.00, 0.00, 0.00] class: keyboard_mash_dvorak_simulated
|   |   |   |   |   |   |   |   |--- ('s', ' ') >  312.50
|   |   |   |   |   |   |   |   |   |--- (' ', 'k') <= 303.50
|   |   |   |   |   |   |   |   |   |   |--- weights: [0.00, 1.00, 1.00, 0.00, 0.00, 0.00, 0.00, 0.00, 0.00, 0.00, 0.00, 0.00, 0.00, 0.00, 0.00, 0.00, 0.00, 0.00, 0.00, 0.00, 0.00, 0.00, 0.00, 0.00, 0.00, 0.00, 0.00, 0.00, 0.00, 0.00, 0.00, 0.00, 0.00, 0.00, 0.00, 0.00, 0.00, 0.00, 0.00] class: Polish
|   |   |   |   |   |   |   |   |   |--- (' ', 'k') >  303.50
|   |   |   |   |   |   |   |   |   |   |--- weights: [0.00, 0.00, 0.00, 0.00, 0.00, 0.00, 0.00, 0.00, 4.00, 0.00, 0.00, 0.00, 0.00, 0.00, 0.00, 0.00, 0.00, 0.00, 0.00, 0.00, 0.00, 0.00, 0.00, 0.00, 0.00, 0.00, 0.00, 0.00, 0.00, 0.00, 0.00, 0.00, 0.00, 0.00, 0.00, 0.00, 0.00, 0.00, 0.00] class: Latvian
|   |   |   |   |   |   |--- ('j', ' ') >  475.50
|   |   |   |   |   |   |   |--- (' ', 'w') <= 146.50
|   |   |   |   |   |   |   |   |--- ('y', ' ') <= 258.50
|   |   |   |   |   |   |   |   |   |--- ('j', 'b') <= 128.00
|   |   |   |   |   |   |   |   |   |   |--- weights: [0.00, 0.00, 0.00, 0.00, 1.00, 1.00, 0.00, 0.00, 0.00, 0.00, 0.00, 434.00, 0.00, 0.00, 0.00, 2.00, 0.00, 0.00, 0.00, 0.00, 0.00, 0.00, 0.00, 0.00, 0.00, 0.00, 0.00, 0.00, 0.00, 0.00, 0.00, 0.00, 0.00, 0.00, 0.00, 0.00, 0.00, 0.00, 0.00] class: Esperanto
|   |   |   |   |   |   |   |   |   |--- ('j', 'b') >  128.00
|   |   |   |   |   |   |   |   |   |   |--- weights: [0.00, 0.00, 0.00, 0.00, 0.00, 0.00, 0.00, 0.00, 0.00, 0.00, 0.00, 0.00, 0.00, 0.00, 0.00, 0.00, 0.00, 0.00, 3.00, 0.00, 0.00, 0.00, 0.00, 0.00, 0.00, 0.00, 0.00, 0.00, 0.00, 0.00, 0.00, 0.00, 0.00, 0.00, 0.00, 0.00, 0.00, 0.00, 0.00] class: keyboard_mash
|   |   |   |   |   |   |   |   |--- ('y', ' ') >  258.50
|   |   |   |   |   |   |   |   |   |--- ('d', 'a') <= 273.50
|   |   |   |   |   |   |   |   |   |   |--- weights: [0.00, 0.00, 0.00, 0.00, 0.00, 1.00, 0.00, 0.00, 0.00, 0.00, 0.00, 0.00, 0.00, 0.00, 0.00, 1.00, 0.00, 0.00, 2.00, 0.00, 0.00, 0.00, 0.00, 0.00, 0.00, 0.00, 0.00, 0.00, 0.00, 0.00, 0.00, 0.00, 0.00, 0.00, 0.00, 0.00, 0.00, 0.00, 0.00] class: keyboard_mash
|   |   |   |   |   |   |   |   |   |--- ('d', 'a') >  273.50
|   |   |   |   |   |   |   |   |   |   |--- weights: [0.00, 4.00, 0.00, 0.00, 0.00, 0.00, 0.00, 0.00, 0.00, 0.00, 0.00, 0.00, 0.00, 0.00, 0.00, 0.00, 0.00, 0.00, 0.00, 0.00, 0.00, 0.00, 0.00, 0.00, 0.00, 0.00, 0.00, 0.00, 0.00, 0.00, 0.00, 0.00, 0.00, 0.00, 0.00, 0.00, 0.00, 0.00, 0.00] class: Polish
|   |   |   |   |   |   |   |--- (' ', 'w') >  146.50
|   |   |   |   |   |   |   |   |--- (',', ' ') <= 360.50
|   |   |   |   |   |   |   |   |   |--- ('j', 'g') <= 146.50
|   |   |   |   |   |   |   |   |   |   |--- weights: [0.00, 0.00, 0.00, 0.00, 0.00, 0.00, 0.00, 0.00, 0.00, 0.00, 0.00, 0.00, 0.00, 0.00, 0.00, 0.00, 3.00, 0.00, 1.00, 0.00, 0.00, 0.00, 0.00, 0.00, 0.00, 0.00, 0.00, 0.00, 0.00, 0.00, 0.00, 0.00, 0.00, 0.00, 0.00, 0.00, 0.00, 0.00, 0.00] class: random
|   |   |   |   |   |   |   |   |   |--- ('j', 'g') >  146.50
|   |   |   |   |   |   |   |   |   |   |--- weights: [0.00, 0.00, 0.00, 0.00, 0.00, 0.00, 0.00, 0.00, 0.00, 0.00, 0.00, 0.00, 0.00, 0.00, 0.00, 0.00, 0.00, 0.00, 4.00, 0.00, 0.00, 0.00, 0.00, 0.00, 0.00, 0.00, 0.00, 0.00, 0.00, 0.00, 0.00, 0.00, 0.00, 0.00, 0.00, 0.00, 0.00, 0.00, 0.00] class: keyboard_mash
|   |   |   |   |   |   |   |   |--- (',', ' ') >  360.50
|   |   |   |   |   |   |   |   |   |--- weights: [0.00, 12.00, 0.00, 0.00, 0.00, 0.00, 0.00, 0.00, 0.00, 0.00, 0.00, 0.00, 0.00, 0.00, 0.00, 0.00, 0.00, 0.00, 0.00, 0.00, 0.00, 0.00, 0.00, 0.00, 0.00, 0.00, 0.00, 0.00, 0.00, 0.00, 0.00, 0.00, 0.00, 0.00, 0.00, 0.00, 0.00, 0.00, 0.00] class: Polish
|   |   |   |   |--- ('è', ' ') >  115.00
|   |   |   |   |   |--- weights: [0.00, 0.00, 0.00, 0.00, 0.00, 379.00, 0.00, 0.00, 0.00, 0.00, 0.00, 0.00, 0.00, 0.00, 0.00, 0.00, 0.00, 0.00, 0.00, 0.00, 0.00, 0.00, 0.00, 0.00, 0.00, 0.00, 0.00, 0.00, 0.00, 0.00, 0.00, 0.00, 0.00, 0.00, 0.00, 0.00, 0.00, 0.00, 0.00] class: Haitian
|   |   |   |--- ('n', 'g') >  1608.00
|   |   |   |   |--- ('a', ' ') <= 986.00
|   |   |   |   |   |--- (' ', 'f') <= 654.50
|   |   |   |   |   |   |--- ('m', 'a') <= 790.50
|   |   |   |   |   |   |   |--- ('e', 'n') <= 2770.00
|   |   |   |   |   |   |   |   |--- ('e', 'n') <= 668.00
|   |   |   |   |   |   |   |   |   |--- ('h', 'a') <= 894.00
|   |   |   |   |   |   |   |   |   |   |--- weights: [0.00, 0.00, 0.00, 0.00, 0.00, 0.00, 0.00, 2.00, 3.00, 0.00, 1.00, 0.00, 0.00, 0.00, 0.00, 0.00, 0.00, 0.00, 1.00, 0.00, 0.00, 0.00, 0.00, 0.00, 0.00, 0.00, 0.00, 0.00, 0.00, 3.00, 0.00, 1.00, 0.00, 0.00, 0.00, 0.00, 0.00, 0.00, 0.00] class: Latvian
|   |   |   |   |   |   |   |   |   |--- ('h', 'a') >  894.00
|   |   |   |   |   |   |   |   |   |   |--- weights: [0.00, 0.00, 0.00, 0.00, 0.00, 0.00, 0.00, 0.00, 0.00, 0.00, 0.00, 0.00, 0.00, 0.00, 0.00, 0.00, 0.00, 0.00, 0.00, 0.00, 0.00, 0.00, 0.00, 0.00, 0.00, 0.00, 4.00, 0.00, 0.00, 0.00, 0.00, 0.00, 0.00, 0.00, 0.00, 0.00, 0.00, 0.00, 0.00] class: Typescript
|   |   |   |   |   |   |   |   |--- ('e', 'n') >  668.00
|   |   |   |   |   |   |   |   |   |--- ('r', 'i') <= 298.00
|   |   |   |   |   |   |   |   |   |   |--- weights: [0.00, 0.00, 0.00, 0.00, 0.00, 0.00, 0.00, 0.00, 0.00, 0.00, 0.00, 0.00, 0.00, 0.00, 4.00, 0.00, 0.00, 0.00, 0.00, 0.00, 0.00, 0.00, 0.00, 0.00, 0.00, 0.00, 0.00, 0.00, 0.00, 0.00, 0.00, 0.00, 0.00, 0.00, 0.00, 0.00, 0.00, 0.00, 0.00] class: Swedish
|   |   |   |   |   |   |   |   |   |--- ('r', 'i') >  298.00
|   |   |   |   |   |   |   |   |   |   |--- weights: [0.00, 0.00, 0.00, 0.00, 0.00, 0.00, 2.00, 0.00, 0.00, 0.00, 0.00, 0.00, 0.00, 1.00, 0.00, 0.00, 0.00, 0.00, 0.00, 0.00, 0.00, 0.00, 0.00, 0.00, 0.00, 0.00, 0.00, 0.00, 0.00, 0.00, 0.00, 0.00, 0.00, 0.00, 0.00, 0.00, 0.00, 0.00, 0.00] class: Norwegian
|   |   |   |   |   |   |   |--- ('e', 'n') >  2770.00
|   |   |   |   |   |   |   |   |--- weights: [0.00, 0.00, 0.00, 0.00, 3.00, 0.00, 0.00, 0.00, 0.00, 0.00, 0.00, 0.00, 0.00, 0.00, 0.00, 0.00, 0.00, 0.00, 0.00, 0.00, 0.00, 0.00, 0.00, 0.00, 0.00, 0.00, 0.00, 0.00, 0.00, 0.00, 0.00, 0.00, 0.00, 0.00, 0.00, 0.00, 0.00, 0.00, 0.00] class: Dutch
|   |   |   |   |   |   |--- ('m', 'a') >  790.50
|   |   |   |   |   |   |   |--- weights: [0.00, 0.00, 0.00, 0.00, 0.00, 0.00, 0.00, 0.00, 0.00, 0.00, 6.00, 0.00, 0.00, 0.00, 0.00, 0.00, 0.00, 0.00, 0.00, 0.00, 0.00, 0.00, 0.00, 0.00, 0.00, 0.00, 0.00, 0.00, 0.00, 0.00, 0.00, 0.00, 0.00, 0.00, 0.00, 0.00, 0.00, 0.00, 0.00] class: Cebuano
|   |   |   |   |   |--- (' ', 'f') >  654.50
|   |   |   |   |   |   |--- ('e', 'd') <= 1513.00
|   |   |   |   |   |   |   |--- weights: [0.00, 0.00, 0.00, 0.00, 0.00, 0.00, 7.00, 0.00, 0.00, 0.00, 0.00, 0.00, 0.00, 0.00, 0.00, 0.00, 0.00, 0.00, 0.00, 0.00, 0.00, 0.00, 0.00, 0.00, 0.00, 0.00, 0.00, 0.00, 0.00, 0.00, 0.00, 0.00, 0.00, 0.00, 0.00, 0.00, 0.00, 0.00, 0.00] class: Norwegian
|   |   |   |   |   |   |--- ('e', 'd') >  1513.00
|   |   |   |   |   |   |   |--- weights: [0.00, 0.00, 0.00, 0.00, 0.00, 0.00, 0.00, 1.00, 0.00, 0.00, 0.00, 0.00, 0.00, 0.00, 0.00, 0.00, 0.00, 0.00, 0.00, 0.00, 0.00, 0.00, 0.00, 0.00, 0.00, 0.00, 0.00, 0.00, 0.00, 0.00, 0.00, 0.00, 0.00, 0.00, 0.00, 0.00, 0.00, 0.00, 0.00] class: English
|   |   |   |   |--- ('a', ' ') >  986.00
|   |   |   |   |   |--- ('g', ' ') <= 229.50
|   |   |   |   |   |   |--- (',', ' ') <= 1176.50
|   |   |   |   |   |   |   |--- weights: [0.00, 0.00, 0.00, 0.00, 0.00, 0.00, 0.00, 0.00, 4.00, 0.00, 0.00, 0.00, 0.00, 0.00, 0.00, 0.00, 0.00, 0.00, 0.00, 0.00, 0.00, 0.00, 0.00, 0.00, 0.00, 0.00, 0.00, 0.00, 0.00, 0.00, 0.00, 0.00, 0.00, 0.00, 0.00, 0.00, 0.00, 0.00, 0.00] class: Latvian
|   |   |   |   |   |   |--- (',', ' ') >  1176.50
|   |   |   |   |   |   |   |--- ('h', 'ä') <= 902.00
|   |   |   |   |   |   |   |   |--- weights: [0.00, 0.00, 1.00, 0.00, 0.00, 0.00, 0.00, 0.00, 0.00, 0.00, 0.00, 0.00, 0.00, 0.00, 0.00, 0.00, 0.00, 0.00, 0.00, 0.00, 0.00, 0.00, 0.00, 0.00, 0.00, 0.00, 0.00, 0.00, 0.00, 0.00, 0.00, 0.00, 0.00, 0.00, 0.00, 0.00, 0.00, 0.00, 0.00] class: Portugese
|   |   |   |   |   |   |   |--- ('h', 'ä') >  902.00
|   |   |   |   |   |   |   |   |--- weights: [0.00, 0.00, 0.00, 0.00, 0.00, 0.00, 0.00, 0.00, 0.00, 0.00, 0.00, 0.00, 1.00, 0.00, 0.00, 0.00, 0.00, 0.00, 0.00, 0.00, 0.00, 0.00, 0.00, 0.00, 0.00, 0.00, 0.00, 0.00, 0.00, 0.00, 0.00, 0.00, 0.00, 0.00, 0.00, 0.00, 0.00, 0.00, 0.00] class: Finnish
|   |   |   |   |   |--- ('g', ' ') >  229.50
|   |   |   |   |   |   |--- (' ', 'o') <= 541.50
|   |   |   |   |   |   |   |--- ('«', 'K') <= 250.50
|   |   |   |   |   |   |   |   |--- weights: [0.00, 0.00, 0.00, 0.00, 0.00, 0.00, 0.00, 0.00, 0.00, 0.00, 413.00, 0.00, 0.00, 0.00, 0.00, 0.00, 0.00, 0.00, 0.00, 0.00, 0.00, 0.00, 0.00, 0.00, 0.00, 0.00, 0.00, 0.00, 0.00, 0.00, 0.00, 0.00, 0.00, 0.00, 0.00, 0.00, 0.00, 0.00, 0.00] class: Cebuano
|   |   |   |   |   |   |   |--- ('«', 'K') >  250.50
|   |   |   |   |   |   |   |   |--- weights: [0.00, 0.00, 0.00, 0.00, 0.00, 0.00, 1.00, 0.00, 0.00, 0.00, 0.00, 0.00, 0.00, 0.00, 0.00, 0.00, 0.00, 0.00, 0.00, 0.00, 0.00, 0.00, 0.00, 0.00, 0.00, 0.00, 0.00, 0.00, 0.00, 0.00, 0.00, 0.00, 0.00, 0.00, 0.00, 0.00, 0.00, 0.00, 0.00] class: Norwegian
|   |   |   |   |   |   |--- (' ', 'o') >  541.50
|   |   |   |   |   |   |   |--- weights: [0.00, 0.00, 0.00, 0.00, 0.00, 0.00, 0.00, 0.00, 0.00, 0.00, 0.00, 0.00, 0.00, 0.00, 4.00, 0.00, 0.00, 0.00, 0.00, 0.00, 0.00, 0.00, 0.00, 0.00, 0.00, 0.00, 0.00, 0.00, 0.00, 0.00, 0.00, 0.00, 0.00, 0.00, 0.00, 0.00, 0.00, 0.00, 0.00] class: Swedish
|   |   |--- ('t', 'h') >  904.50
|   |   |   |--- ('e', ' ') <= 485.50
|   |   |   |   |--- ('c', ' ') <= 175.50
|   |   |   |   |   |--- ('s', ' ') <= 426.00
|   |   |   |   |   |   |--- (' ', 'e') <= 1095.50
|   |   |   |   |   |   |   |--- ('l', 'e') <= 1176.00
|   |   |   |   |   |   |   |   |--- ('l', 'a') <= 1847.50
|   |   |   |   |   |   |   |   |   |--- ('h', ' ') <= 732.50
|   |   |   |   |   |   |   |   |   |   |--- weights: [2.00, 0.00, 0.00, 0.00, 0.00, 0.00, 0.00, 1.00, 0.00, 0.00, 0.00, 0.00, 0.00, 0.00, 0.00, 0.00, 0.00, 0.00, 0.00, 0.00, 0.00, 0.00, 0.00, 4.00, 0.00, 0.00, 0.00, 0.00, 0.00, 0.00, 0.00, 0.00, 0.00, 0.00, 0.00, 0.00, 0.00, 0.00, 0.00] class: keyboard_mash_dvorak_simulated
|   |   |   |   |   |   |   |   |   |--- ('h', ' ') >  732.50
|   |   |   |   |   |   |   |   |   |   |--- weights: [0.00, 0.00, 0.00, 0.00, 1.00, 0.00, 0.00, 0.00, 0.00, 0.00, 0.00, 0.00, 0.00, 0.00, 2.00, 0.00, 2.00, 0.00, 0.00, 0.00, 0.00, 0.00, 0.00, 0.00, 0.00, 0.00, 0.00, 0.00, 0.00, 0.00, 0.00, 1.00, 0.00, 0.00, 0.00, 0.00, 0.00, 0.00, 0.00] class: Swedish
|   |   |   |   |   |   |   |   |--- ('l', 'a') >  1847.50
|   |   |   |   |   |   |   |   |   |--- weights: [0.00, 0.00, 0.00, 0.00, 0.00, 0.00, 0.00, 0.00, 0.00, 0.00, 3.00, 0.00, 0.00, 0.00, 0.00, 0.00, 0.00, 0.00, 0.00, 0.00, 0.00, 0.00, 0.00, 0.00, 0.00, 0.00, 0.00, 0.00, 0.00, 0.00, 0.00, 0.00, 0.00, 0.00, 0.00, 0.00, 0.00, 0.00, 0.00] class: Cebuano
|   |   |   |   |   |   |   |--- ('l', 'e') >  1176.00
|   |   |   |   |   |   |   |   |--- weights: [0.00, 0.00, 0.00, 0.00, 0.00, 0.00, 0.00, 0.00, 0.00, 0.00, 0.00, 0.00, 0.00, 0.00, 0.00, 0.00, 0.00, 3.00, 0.00, 0.00, 0.00, 0.00, 0.00, 0.00, 0.00, 0.00, 0.00, 0.00, 0.00, 0.00, 0.00, 0.00, 0.00, 0.00, 0.00, 0.00, 0.00, 0.00, 0.00] class: Assembly
|   |   |   |   |   |   |--- (' ', 'e') >  1095.50
|   |   |   |   |   |   |   |--- ('t', ' ') <= 5204.50
|   |   |   |   |   |   |   |   |--- weights: [0.00, 0.00, 0.00, 4.00, 0.00, 0.00, 0.00, 0.00, 0.00, 0.00, 0.00, 0.00, 0.00, 0.00, 0.00, 0.00, 0.00, 0.00, 0.00, 0.00, 0.00, 0.00, 0.00, 0.00, 0.00, 0.00, 0.00, 0.00, 0.00, 0.00, 0.00, 0.00, 0.00, 0.00, 0.00, 0.00, 0.00, 0.00, 0.00] class: Modern Ecclesiastical Latin
|   |   |   |   |   |   |   |--- ('t', ' ') >  5204.50
|   |   |   |   |   |   |   |   |--- weights: [0.00, 0.00, 0.00, 0.00, 0.00, 0.00, 0.00, 0.00, 0.00, 0.00, 0.00, 0.00, 0.00, 2.00, 0.00, 0.00, 0.00, 0.00, 0.00, 0.00, 0.00, 0.00, 0.00, 0.00, 0.00, 0.00, 0.00, 0.00, 0.00, 0.00, 0.00, 0.00, 0.00, 0.00, 0.00, 0.00, 0.00, 0.00, 0.00] class: French
|   |   |   |   |   |--- ('s', ' ') >  426.00
|   |   |   |   |   |   |--- ('B', 'e') <= 368.50
|   |   |   |   |   |   |   |--- ('o', 'o') <= 1100.50
|   |   |   |   |   |   |   |   |--- weights: [0.00, 0.00, 0.00, 0.00, 0.00, 0.00, 0.00, 9.00, 0.00, 0.00, 0.00, 0.00, 0.00, 0.00, 0.00, 0.00, 0.00, 0.00, 0.00, 0.00, 0.00, 0.00, 0.00, 0.00, 0.00, 0.00, 0.00, 0.00, 0.00, 0.00, 0.00, 0.00, 0.00, 0.00, 0.00, 0.00, 0.00, 0.00, 0.00] class: English
|   |   |   |   |   |   |   |--- ('o', 'o') >  1100.50
|   |   |   |   |   |   |   |   |--- weights: [0.00, 0.00, 0.00, 0.00, 1.00, 0.00, 0.00, 0.00, 0.00, 0.00, 0.00, 0.00, 0.00, 0.00, 0.00, 0.00, 0.00, 0.00, 0.00, 0.00, 0.00, 0.00, 0.00, 0.00, 0.00, 0.00, 0.00, 0.00, 0.00, 0.00, 0.00, 0.00, 0.00, 0.00, 0.00, 0.00, 0.00, 0.00, 0.00] class: Dutch
|   |   |   |   |   |   |--- ('B', 'e') >  368.50
|   |   |   |   |   |   |   |--- ('t', ' ') <= 1105.00
|   |   |   |   |   |   |   |   |--- weights: [0.00, 0.00, 0.00, 0.00, 0.00, 0.00, 0.00, 0.00, 0.00, 0.00, 1.00, 0.00, 0.00, 0.00, 0.00, 0.00, 0.00, 0.00, 0.00, 0.00, 0.00, 0.00, 0.00, 0.00, 0.00, 0.00, 0.00, 0.00, 0.00, 0.00, 0.00, 0.00, 0.00, 0.00, 0.00, 0.00, 0.00, 0.00, 0.00] class: Cebuano
|   |   |   |   |   |   |   |--- ('t', ' ') >  1105.00
|   |   |   |   |   |   |   |   |--- weights: [0.00, 0.00, 0.00, 1.00, 0.00, 0.00, 0.00, 0.00, 0.00, 0.00, 0.00, 0.00, 0.00, 0.00, 0.00, 0.00, 0.00, 0.00, 0.00, 0.00, 0.00, 0.00, 0.00, 0.00, 0.00, 0.00, 0.00, 0.00, 0.00, 0.00, 0.00, 0.00, 0.00, 0.00, 0.00, 0.00, 0.00, 0.00, 0.00] class: Modern Ecclesiastical Latin
|   |   |   |   |--- ('c', ' ') >  175.50
|   |   |   |   |   |--- ('L', 'E') <= 585.50
|   |   |   |   |   |   |--- weights: [0.00, 0.00, 0.00, 0.00, 0.00, 0.00, 0.00, 0.00, 0.00, 0.00, 0.00, 0.00, 0.00, 0.00, 0.00, 0.00, 0.00, 0.00, 0.00, 0.00, 0.00, 0.00, 0.00, 11.00, 0.00, 0.00, 0.00, 0.00, 0.00, 0.00, 0.00, 0.00, 0.00, 0.00, 0.00, 0.00, 0.00, 0.00, 0.00] class: keyboard_mash_dvorak_simulated
|   |   |   |   |   |--- ('L', 'E') >  585.50
|   |   |   |   |   |   |--- weights: [1.00, 0.00, 0.00, 0.00, 0.00, 0.00, 0.00, 0.00, 0.00, 0.00, 0.00, 0.00, 0.00, 0.00, 0.00, 0.00, 0.00, 0.00, 0.00, 0.00, 0.00, 0.00, 0.00, 0.00, 0.00, 0.00, 0.00, 0.00, 0.00, 0.00, 0.00, 0.00, 0.00, 0.00, 0.00, 0.00, 0.00, 0.00, 0.00] class: Shell
|   |   |   |--- ('e', ' ') >  485.50
|   |   |   |   |--- ('q', 'u') <= 444.00
|   |   |   |   |   |--- ('d', 'e') <= 1852.50
|   |   |   |   |   |   |--- ('*', '*') <= 261.50
|   |   |   |   |   |   |   |--- ('h', 'b') <= 672.00
|   |   |   |   |   |   |   |   |--- (' ', 'e') <= 2178.00
|   |   |   |   |   |   |   |   |   |--- weights: [0.00, 0.00, 0.00, 0.00, 0.00, 0.00, 0.00, 465.00, 0.00, 0.00, 0.00, 0.00, 0.00, 0.00, 0.00, 0.00, 0.00, 0.00, 0.00, 0.00, 0.00, 0.00, 0.00, 0.00, 0.00, 0.00, 0.00, 0.00, 0.00, 0.00, 0.00, 0.00, 0.00, 0.00, 0.00, 0.00, 0.00, 0.00, 0.00] class: English
|   |   |   |   |   |   |   |   |--- (' ', 'e') >  2178.00
|   |   |   |   |   |   |   |   |   |--- weights: [0.00, 0.00, 0.00, 1.00, 0.00, 0.00, 0.00, 0.00, 0.00, 0.00, 0.00, 0.00, 0.00, 0.00, 0.00, 0.00, 0.00, 0.00, 0.00, 0.00, 0.00, 0.00, 0.00, 0.00, 0.00, 0.00, 0.00, 0.00, 0.00, 0.00, 0.00, 0.00, 0.00, 0.00, 0.00, 0.00, 0.00, 0.00, 0.00] class: Modern Ecclesiastical Latin
|   |   |   |   |   |   |   |--- ('h', 'b') >  672.00
|   |   |   |   |   |   |   |   |--- (' ', 'f') <= 368.50
|   |   |   |   |   |   |   |   |   |--- weights: [0.00, 0.00, 0.00, 0.00, 0.00, 0.00, 0.00, 0.00, 0.00, 0.00, 0.00, 0.00, 0.00, 0.00, 0.00, 0.00, 0.00, 0.00, 0.00, 0.00, 0.00, 0.00, 0.00, 1.00, 0.00, 0.00, 0.00, 0.00, 0.00, 0.00, 0.00, 0.00, 0.00, 0.00, 0.00, 0.00, 0.00, 0.00, 0.00] class: keyboard_mash_dvorak_simulated
|   |   |   |   |   |   |   |   |--- (' ', 'f') >  368.50
|   |   |   |   |   |   |   |   |   |--- weights: [0.00, 0.00, 0.00, 0.00, 0.00, 0.00, 0.00, 0.00, 0.00, 0.00, 0.00, 0.00, 0.00, 0.00, 0.00, 0.00, 1.00, 0.00, 0.00, 0.00, 0.00, 0.00, 0.00, 0.00, 0.00, 0.00, 0.00, 0.00, 0.00, 0.00, 0.00, 0.00, 0.00, 0.00, 0.00, 0.00, 0.00, 0.00, 0.00] class: random
|   |   |   |   |   |   |--- ('*', '*') >  261.50
|   |   |   |   |   |   |   |--- weights: [0.00, 0.00, 0.00, 0.00, 0.00, 0.00, 0.00, 0.00, 0.00, 0.00, 0.00, 0.00, 0.00, 0.00, 0.00, 0.00, 0.00, 0.00, 0.00, 0.00, 0.00, 0.00, 0.00, 0.00, 0.00, 0.00, 2.00, 0.00, 0.00, 0.00, 0.00, 0.00, 0.00, 0.00, 0.00, 0.00, 0.00, 0.00, 0.00] class: Typescript
|   |   |   |   |   |--- ('d', 'e') >  1852.50
|   |   |   |   |   |   |--- (' ', 't') <= 1644.00
|   |   |   |   |   |   |   |--- ('E', 'i') <= 762.50
|   |   |   |   |   |   |   |   |--- weights: [0.00, 0.00, 0.00, 0.00, 4.00, 0.00, 0.00, 0.00, 0.00, 0.00, 0.00, 0.00, 0.00, 0.00, 0.00, 0.00, 0.00, 0.00, 0.00, 0.00, 0.00, 0.00, 0.00, 0.00, 0.00, 0.00, 0.00, 0.00, 0.00, 0.00, 0.00, 0.00, 0.00, 0.00, 0.00, 0.00, 0.00, 0.00, 0.00] class: Dutch
|   |   |   |   |   |   |   |--- ('E', 'i') >  762.50
|   |   |   |   |   |   |   |   |--- weights: [0.00, 0.00, 0.00, 0.00, 0.00, 0.00, 0.00, 0.00, 0.00, 0.00, 0.00, 0.00, 0.00, 1.00, 0.00, 0.00, 0.00, 0.00, 0.00, 0.00, 0.00, 0.00, 0.00, 0.00, 0.00, 0.00, 0.00, 0.00, 0.00, 0.00, 0.00, 0.00, 0.00, 0.00, 0.00, 0.00, 0.00, 0.00, 0.00] class: French
|   |   |   |   |   |   |--- (' ', 't') >  1644.00
|   |   |   |   |   |   |   |--- weights: [0.00, 0.00, 0.00, 0.00, 0.00, 0.00, 0.00, 2.00, 0.00, 0.00, 0.00, 0.00, 0.00, 0.00, 0.00, 0.00, 0.00, 0.00, 0.00, 0.00, 0.00, 0.00, 0.00, 0.00, 0.00, 0.00, 0.00, 0.00, 0.00, 0.00, 0.00, 0.00, 0.00, 0.00, 0.00, 0.00, 0.00, 0.00, 0.00] class: English
|   |   |   |   |--- ('q', 'u') >  444.00
|   |   |   |   |   |--- ('s', 'e') <= 177.50
|   |   |   |   |   |   |--- weights: [0.00, 0.00, 0.00, 5.00, 0.00, 0.00, 0.00, 0.00, 0.00, 0.00, 0.00, 0.00, 0.00, 0.00, 0.00, 0.00, 0.00, 0.00, 0.00, 0.00, 0.00, 0.00, 0.00, 0.00, 0.00, 0.00, 0.00, 0.00, 0.00, 0.00, 0.00, 0.00, 0.00, 0.00, 0.00, 0.00, 0.00, 0.00, 0.00] class: Modern Ecclesiastical Latin
|   |   |   |   |   |--- ('s', 'e') >  177.50
|   |   |   |   |   |   |--- (' ', 'a') <= 531.50
|   |   |   |   |   |   |   |--- ('e', 't') <= 1008.50
|   |   |   |   |   |   |   |   |--- weights: [0.00, 0.00, 0.00, 0.00, 0.00, 0.00, 0.00, 0.00, 0.00, 0.00, 0.00, 0.00, 0.00, 0.00, 0.00, 0.00, 0.00, 2.00, 0.00, 0.00, 0.00, 0.00, 0.00, 0.00, 0.00, 0.00, 0.00, 0.00, 0.00, 0.00, 0.00, 0.00, 0.00, 0.00, 0.00, 0.00, 0.00, 0.00, 0.00] class: Assembly
|   |   |   |   |   |   |   |--- ('e', 't') >  1008.50
|   |   |   |   |   |   |   |   |--- weights: [0.00, 0.00, 0.00, 0.00, 0.00, 0.00, 0.00, 0.00, 0.00, 0.00, 0.00, 0.00, 0.00, 1.00, 0.00, 0.00, 0.00, 0.00, 0.00, 0.00, 0.00, 0.00, 0.00, 0.00, 0.00, 0.00, 0.00, 0.00, 0.00, 0.00, 0.00, 0.00, 0.00, 0.00, 0.00, 0.00, 0.00, 0.00, 0.00] class: French
|   |   |   |   |   |   |--- (' ', 'a') >  531.50
|   |   |   |   |   |   |   |--- weights: [0.00, 0.00, 0.00, 0.00, 0.00, 0.00, 0.00, 2.00, 0.00, 0.00, 0.00, 0.00, 0.00, 0.00, 0.00, 0.00, 0.00, 0.00, 0.00, 0.00, 0.00, 0.00, 0.00, 0.00, 0.00, 0.00, 0.00, 0.00, 0.00, 0.00, 0.00, 0.00, 0.00, 0.00, 0.00, 0.00, 0.00, 0.00, 0.00] class: English
|   |--- ('ä', ' ') >  122.50
|   |   |--- ('f', 'ö') <= 364.50
|   |   |   |--- weights: [0.00, 0.00, 0.00, 0.00, 0.00, 0.00, 0.00, 0.00, 0.00, 0.00, 0.00, 0.00, 500.00, 0.00, 0.00, 0.00, 0.00, 0.00, 0.00, 0.00, 0.00, 0.00, 0.00, 0.00, 0.00, 0.00, 0.00, 0.00, 0.00, 0.00, 0.00, 0.00, 0.00, 0.00, 0.00, 0.00, 0.00, 0.00, 0.00] class: Finnish
|   |   |--- ('f', 'ö') >  364.50
|   |   |   |--- weights: [0.00, 0.00, 0.00, 0.00, 0.00, 0.00, 0.00, 0.00, 0.00, 0.00, 0.00, 0.00, 0.00, 0.00, 1.00, 0.00, 0.00, 0.00, 0.00, 0.00, 0.00, 0.00, 0.00, 0.00, 0.00, 0.00, 0.00, 0.00, 0.00, 0.00, 0.00, 0.00, 0.00, 0.00, 0.00, 0.00, 0.00, 0.00, 0.00] class: Swedish
|--- (']', ' ') >  93.50
|   |--- (' ', 's') <= 217.50
|   |   |--- (' ', '[') <= 128.00
|   |   |   |--- ('=', ' ') <= 862.50
|   |   |   |   |--- weights: [0.00, 0.00, 0.00, 0.00, 0.00, 0.00, 0.00, 0.00, 0.00, 570.00, 0.00, 0.00, 0.00, 0.00, 0.00, 0.00, 0.00, 0.00, 0.00, 0.00, 0.00, 0.00, 0.00, 0.00, 0.00, 0.00, 0.00, 0.00, 0.00, 0.00, 0.00, 0.00, 0.00, 0.00, 0.00, 0.00, 0.00, 0.00, 0.00] class: Middle English
|   |   |   |--- ('=', ' ') >  862.50
|   |   |   |   |--- ('_', 's') <= 1725.00
|   |   |   |   |   |--- weights: [0.00, 0.00, 0.00, 0.00, 0.00, 0.00, 0.00, 0.00, 0.00, 0.00, 0.00, 0.00, 0.00, 0.00, 0.00, 0.00, 0.00, 0.00, 0.00, 0.00, 0.00, 0.00, 0.00, 0.00, 0.00, 0.00, 0.00, 0.00, 0.00, 0.00, 0.00, 0.00, 0.00, 0.00, 0.00, 0.00, 0.00, 1.00, 0.00] class: ruby
|   |   |   |   |--- ('_', 's') >  1725.00
|   |   |   |   |   |--- weights: [0.00, 0.00, 0.00, 0.00, 0.00, 0.00, 0.00, 0.00, 0.00, 0.00, 0.00, 0.00, 0.00, 0.00, 0.00, 0.00, 0.00, 1.00, 0.00, 0.00, 0.00, 0.00, 0.00, 0.00, 0.00, 0.00, 0.00, 0.00, 0.00, 0.00, 0.00, 0.00, 0.00, 0.00, 0.00, 0.00, 0.00, 0.00, 0.00] class: Assembly
|   |   |--- (' ', '[') >  128.00
|   |   |   |--- ('.', ']') <= 226.00
|   |   |   |   |--- (' ', 'p') <= 128.00
|   |   |   |   |   |--- (' ', 'r') <= 923.50
|   |   |   |   |   |   |--- weights: [0.00, 0.00, 0.00, 0.00, 0.00, 0.00, 0.00, 0.00, 0.00, 0.00, 0.00, 0.00, 0.00, 0.00, 0.00, 2.00, 0.00, 0.00, 0.00, 0.00, 0.00, 0.00, 0.00, 0.00, 0.00, 0.00, 0.00, 0.00, 0.00, 0.00, 0.00, 0.00, 0.00, 0.00, 0.00, 0.00, 0.00, 0.00, 0.00] class: Czech
|   |   |   |   |   |--- (' ', 'r') >  923.50
|   |   |   |   |   |   |--- weights: [0.00, 0.00, 0.00, 0.00, 0.00, 0.00, 0.00, 0.00, 0.00, 0.00, 0.00, 0.00, 0.00, 0.00, 0.00, 0.00, 0.00, 1.00, 0.00, 0.00, 0.00, 0.00, 0.00, 0.00, 0.00, 0.00, 0.00, 0.00, 0.00, 0.00, 0.00, 0.00, 0.00, 0.00, 0.00, 0.00, 0.00, 0.00, 0.00] class: Assembly
|   |   |   |   |--- (' ', 'p') >  128.00
|   |   |   |   |   |--- weights: [0.00, 0.00, 0.00, 0.00, 0.00, 0.00, 0.00, 0.00, 0.00, 0.00, 0.00, 0.00, 0.00, 2.00, 0.00, 0.00, 0.00, 0.00, 0.00, 0.00, 0.00, 0.00, 0.00, 0.00, 0.00, 0.00, 0.00, 0.00, 0.00, 0.00, 0.00, 0.00, 0.00, 0.00, 0.00, 0.00, 0.00, 0.00, 0.00] class: French
|   |   |   |--- ('.', ']') >  226.00
|   |   |   |   |--- weights: [0.00, 0.00, 0.00, 0.00, 0.00, 0.00, 0.00, 0.00, 0.00, 2.00, 0.00, 0.00, 0.00, 0.00, 0.00, 0.00, 0.00, 0.00, 0.00, 0.00, 0.00, 0.00, 0.00, 0.00, 0.00, 0.00, 0.00, 0.00, 0.00, 0.00, 0.00, 0.00, 0.00, 0.00, 0.00, 0.00, 0.00, 0.00, 0.00] class: Middle English
|   |--- (' ', 's') >  217.50
|   |   |--- (' ', 'j') <= 127.00
|   |   |   |--- ('h', ' ') <= 168.50
|   |   |   |   |--- (' ', 'l') <= 360.50
|   |   |   |   |   |--- ('(', 'd') <= 420.50
|   |   |   |   |   |   |--- weights: [0.00, 0.00, 0.00, 0.00, 0.00, 0.00, 0.00, 0.00, 0.00, 0.00, 0.00, 0.00, 0.00, 0.00, 0.00, 0.00, 0.00, 1.00, 0.00, 0.00, 0.00, 0.00, 0.00, 0.00, 0.00, 0.00, 0.00, 0.00, 0.00, 0.00, 0.00, 0.00, 0.00, 0.00, 0.00, 0.00, 0.00, 0.00, 0.00] class: Assembly
|   |   |   |   |   |--- ('(', 'd') >  420.50
|   |   |   |   |   |   |--- weights: [0.00, 0.00, 0.00, 0.00, 0.00, 0.00, 0.00, 0.00, 0.00, 0.00, 0.00, 0.00, 0.00, 0.00, 0.00, 0.00, 0.00, 0.00, 0.00, 0.00, 0.00, 0.00, 1.00, 0.00, 0.00, 0.00, 0.00, 0.00, 0.00, 0.00, 0.00, 0.00, 0.00, 0.00, 0.00, 0.00, 0.00, 0.00, 0.00] class: Lua
|   |   |   |   |--- (' ', 'l') >  360.50
|   |   |   |   |   |--- weights: [0.00, 0.00, 0.00, 0.00, 0.00, 0.00, 0.00, 0.00, 0.00, 0.00, 0.00, 0.00, 0.00, 3.00, 0.00, 0.00, 0.00, 0.00, 0.00, 0.00, 0.00, 0.00, 0.00, 0.00, 0.00, 0.00, 0.00, 0.00, 0.00, 0.00, 0.00, 0.00, 0.00, 0.00, 0.00, 0.00, 0.00, 0.00, 0.00] class: French
|   |   |   |--- ('h', ' ') >  168.50
|   |   |   |   |--- weights: [0.00, 0.00, 0.00, 0.00, 0.00, 0.00, 0.00, 0.00, 0.00, 0.00, 0.00, 0.00, 0.00, 0.00, 4.00, 0.00, 0.00, 0.00, 0.00, 0.00, 0.00, 0.00, 0.00, 0.00, 0.00, 0.00, 0.00, 0.00, 0.00, 0.00, 0.00, 0.00, 0.00, 0.00, 0.00, 0.00, 0.00, 0.00, 0.00] class: Swedish
|   |   |--- (' ', 'j') >  127.00
|   |   |   |--- weights: [0.00, 0.00, 0.00, 0.00, 0.00, 0.00, 0.00, 0.00, 0.00, 0.00, 0.00, 0.00, 0.00, 0.00, 0.00, 6.00, 0.00, 0.00, 0.00, 0.00, 0.00, 0.00, 0.00, 0.00, 0.00, 0.00, 0.00, 0.00, 0.00, 0.00, 0.00, 0.00, 0.00, 0.00, 0.00, 0.00, 0.00, 0.00, 0.00] class: Czech
