|--- (']', ' ') <= 93.50
|   |--- ('ä', ' ') <= 122.50
|   |   |--- ('t', 'h') <= 904.50
|   |   |   |--- ('n', 'g') <= 1608.00
|   |   |   |   |--- ('è', ' ') <= 115.00
|   |   |   |   |   |--- ('a', 'j') <= 510.50
|   |   |   |   |   |   |--- ('ä', 'r') <= 96.00
|   |   |   |   |   |   |   |--- ('ã', 'o') <= 107.50
|   |   |   |   |   |   |   |   |--- (' ', ' ') <= 4191.00
|   |   |   |   |   |   |   |   |   |--- ('i', 'j') <= 495.00
|   |   |   |   |   |   |   |   |   |   |--- weights: [3.00, 441.00, 195.00, 532.00, 107.00, 123.00, 550.00, 57.00, 432.00, 2.00, 67.00, 112.00, 118.00, 516.00, 237.00, 428.00, 137.00, 14.00, 122.00, 49.00, 19.00, 5.00, 3.00, 138.00, 2.00, 5.00, 21.00, 3.00, 4.00, 5.00, 3.00, 11.00, 4.00, 4.00, 3.00, 1.00, 1.00, 0.00, 1.00] class: Norwegian
|   |   |   |   |   |   |   |   |   |--- ('i', 'j') >  495.00
|   |   |   |   |   |   |   |   |   |   |--- weights: [0.00, 16.00, 2.00, 0.00, 387.00, 4.00, 0.00, 0.00, 65.00, 0.00, 0.00, 3.00, 2.00, 0.00, 0.00, 17.00, 8.00, 0.00, 24.00, 0.00, 0.00, 0.00, 0.00, 0.00, 0.00, 0.00, 0.00, 0.00, 0.00, 0.00, 0.00, 0.00, 0.00, 0.00, 0.00, 0.00, 0.00, 0.00, 0.00] class: Dutch
|   |   |   |   |   |   |   |   |--- (' ', ' ') >  4191.00
|   |   |   |   |   |   |   |   |   |--- (':', ' ') <= 2087.50
|   |   |   |   |   |   |   |   |   |   |--- weights: [0.00, 0.00, 0.00, 0.00, 0.00, 0.00, 0.00, 0.00, 0.00, 0.00, 0.00, 0.00, 0.00, 0.00, 0.00, 0.00, 0.00, 273.00, 0.00, 0.00, 0.00, 0.00, 0.00, 0.00, 0.00, 0.00, 0.00, 0.00, 0.00, 0.00, 1.00, 0.00, 1.00, 0.00, 0.00, 0.00, 0.00, 0.00, 0.00] class: Assembly
|   |   |   |   |   |   |   |   |   |--- (':', ' ') >  2087.50
|   |   |   |   |   |   |   |   |   |   |--- weights: [0.00, 0.00, 0.00, 0.00, 0.00, 0.00, 0.00, 0.00, 0.00, 0.00, 0.00, 0.00, 0.00, 0.00, 0.00, 0.00, 0.00, 0.00, 0.00, 0.00, 0.00, 0.00, 0.00, 0.00, 0.00, 0.00, 0.00, 0.00, 0.00, 0.00, 0.00, 0.00, 2.00, 0.00, 0.00, 0.00, 0.00, 0.00, 0.00] class: go
|   |   |   |   |   |   |   |--- ('ã', 'o') >  107.50
|   |   |   |   |   |   |   |   |--- weights: [0.00, 0.00, 309.00, 0.00, 0.00, 0.00, 0.00, 0.00, 0.00, 0.00, 0.00, 0.00, 0.00, 0.00, 0.00, 0.00, 0.00, 0.00, 0.00, 0.00, 0.00, 0.00, 0.00, 0.00, 0.00, 0.00, 0.00, 0.00, 0.00, 0.00, 0.00, 0.00, 0.00, 0.00, 0.00, 0.00, 0.00, 0.00, 0.00] class: Portugese
|   |   |   |   |   |   |--- ('ä', 'r') >  96.00
|   |   |   |   |   |   |   |--- ('i', 'i') <= 372.50
|   |   |   |   |   |   |   |   |--- ('o', 'i') <= 395.00
|   |   |   |   |   |   |   |   |   |--- weights: [0.00, 0.00, 0.00, 0.00, 0.00, 0.00, 0.00, 0.00, 0.00, 0.00, 0.00, 0.00, 0.00, 0.00, 329.00, 0.00, 0.00, 0.00, 0.00, 0.00, 0.00, 0.00, 0.00, 0.00, 0.00, 0.00, 0.00, 0.00, 0.00, 0.00, 0.00, 0.00, 0.00, 0.00, 0.00, 0.00, 0.00, 0.00, 0.00] class: Swedish
|   |   |   |   |   |   |   |   |--- ('o', 'i') >  395.00
|   |   |   |   |   |   |   |   |   |--- weights: [0.00, 0.00, 0.00, 0.00, 0.00, 0.00, 0.00, 0.00, 0.00, 0.00, 0.00, 0.00, 1.00, 0.00, 0.00, 0.00, 0.00, 0.00, 0.00, 0.00, 0.00, 0.00, 0.00, 0.00, 0.00, 0.00, 0.00, 0.00, 0.00, 0.00, 0.00, 0.00, 0.00, 0.00, 0.00, 0.00, 0.00, 0.00, 0.00] class: Finnish
|   |   |   |   |   |   |   |--- ('i', 'i') >  372.50
|   |   |   |   |   |   |   |   |--- weights: [0.00, 0.00, 0.00, 0.00, 0.00, 0.00, 0.00, 0.00, 0.00, 0.00, 0.00, 0.00, 4.00, 0.00, 0.00, 0.00, 0.00, 0.00, 0.00, 0.00, 0.00, 0.00, 0.00, 0.00, 0.00, 0.00, 0.00, 0.00, 0.00, 0.00, 0.00, 0.00, 0.00, 0.00, 0.00, 0.00, 0.00, 0.00, 0.00] class: Finnish
|   |   |   |   |   |--- ('a', 'j') >  510.50
|   |   |   |   |   |   |--- ('j', ' ') <= 475.50
|   |   |   |   |   |   |   |--- ('i', 'e') <= 529.00
|   |   |   |   |   |   |   |   |--- ('a', '\xa0') <= 262.50
|   |   |   |   |   |   |   |   |   |--- ('s', ' ') <= 967.50
|   |   |   |   |   |   |   |   |   |   |--- weights: [0.00, 9.00, 3.00, 0.00, 1.00, 6.00, 2.00, 0.00, 0.00, 0.00, 0.00, 3.00, 5.00, 1.00, 0.00, 10.00, 5.00, 0.00, 4.00, 0.00, 0.00, 0.00, 0.00, 1.00, 0.00, 0.00, 0.00, 0.00, 0.00, 0.00, 0.00, 0.00, 0.00, 0.00, 0.00, 0.00, 0.00, 0.00, 0.00] class: Czech
|   |   |   |   |   |   |   |   |   |--- ('s', ' ') >  967.50
|   |   |   |   |   |   |   |   |   |   |--- weights: [0.00, 0.00, 2.00, 0.00, 0.00, 1.00, 0.00, 0.00, 3.00, 0.00, 0.00, 10.00, 0.00, 1.00, 1.00, 0.00, 0.00, 0.00, 0.00, 0.00, 0.00, 0.00, 0.00, 0.00, 0.00, 0.00, 0.00, 0.00, 0.00, 0.00, 0.00, 0.00, 0.00, 0.00, 0.00, 0.00, 0.00, 0.00, 0.00] class: Esperanto
|   |   |   |   |   |   |   |   |--- ('a', '\xa0') >  262.50
|   |   |   |   |   |   |   |   |   |--- weights: [0.00, 0.00, 0.00, 0.00, 0.00, 0.00, 0.00, 0.00, 0.00, 0.00, 0.00, 0.00, 0.00, 0.00, 0.00, 13.00, 0.00, 0.00, 0.00, 0.00, 0.00, 0.00, 0.00, 0.00, 0.00, 0.00, 0.00, 0.00, 0.00, 0.00, 0.00, 0.00, 0.00, 0.00, 0.00, 0.00, 0.00, 0.00, 0.00] class: Czech
|   |   |   |   |   |   |   |--- ('i', 'e') >  529.00
|   |   |   |   |   |   |   |   |--- ('s', ' ') <= 312.50
|   |   |   |   |   |   |   |   |   |--- ('p', '>') <= 273.50
|   |   |   |   |   |   |   |   |   |   |--- weights: [0.00, 47.00, 0.00, 0.00, 0.00, 0.00, 0.00, 0.00, 0.00, 0.00, 0.00, 0.00, 0.00, 0.00, 0.00, 0.00, 0.00, 0.00, 0.00, 0.00, 0.00, 0.00, 0.00, 0.00, 0.00, 0.00, 0.00, 0.00, 0.00, 0.00, 0.00, 0.00, 0.00, 0.00, 0.00, 0.00, 0.00, 0.00, 0.00] class: Polish
|   |   |   |   |   |   |   |   |   |--- ('p', '>') >  273.50
|   |   |   |   |   |   |   |   |   |   |--- weights: [0.00, 0.00, 0.00, 0.00, 0.00, 0.00, 0.00, 0.00, 0.00, 0.00, 0.00, 0.00, 0.00, 0.00, 0.00, 0.00, 0.00, 0.00, 0.00, 0.00, 0.00, 0.00, 0.00, 1.00, 0.00, 0.00, 0.00, 0.00, 0.00, 0.00, 0.00, 0.00, 0.00, 0.00, 0.00, 0.00, 0.00, 0.00, 0.00] class: keyboard_mash_dvorak_simulated
|   |   |   |   |   |   |   |   |--- ('s', ' ') >  312.50
|   |   |   |   |   |   |   |   |   |--- ('e', 'k') <= 250.50
|   |   |   |   |   |   |   |   |   |   |--- weights: [0.00, 1.00, 1.00, 0.00, 0.00, 0.00, 0.00, 0.00, 0.00, 0.00, 0.00, 0.00, 0.00, 0.00, 0.00, 0.00, 0.00, 0.00, 0.00, 0.00, 0.00, 0.00, 0.00, 0.00, 0.00, 0.00, 0.00, 0.00, 0.00, 0.00, 0.00, 0.00, 0.00, 0.00, 0.00, 0.00, 0.00, 0.00, 0.00] class: Polish
|   |   |   |   |   |   |   |   |   |--- ('e', 'k') >  250.50
|   |   |   |   |   |   |   |   |   |   |--- weights: [0.00, 0.00, 0.00, 0.00, 0.00, 0.00, 0.00, 0.00, 4.00, 0.00, 0.00, 0.00, 0.00, 0.00, 0.00, 0.00, 0.00, 0.00, 0.00, 0.00, 0.00, 0.00, 0.00, 0.00, 0.00, 0.00, 0.00, 0.00, 0.00, 0.00, 0.00, 0.00, 0.00, 0.00, 0.00, 0.00, 0.00, 0.00, 0.00] class: Latvian
|   |   |   |   |   |   |--- ('j', ' ') >  475.50
|   |   |   |   |   |   |   |--- (' ', 'w') <= 146.50
|   |   |   |   |   |   |   |   |--- ('y', ' ') <= 258.50
|   |   |   |   |   |   |   |   |   |--- ('j', 'b') <= 128.00
|   |   |   |   |   |   |   |   |   |   |--- weights: [0.00, 0.00, 0.00, 0.00, 1.00, 1.00, 0.00, 0.00, 0.00, 0.00, 0.00, 434.00, 0.00, 0.00, 0.00, 2.00, 0.00, 0.00, 0.00, 0.00, 0.00, 0.00, 0.00, 0.00, 0.00, 0.00, 0.00, 0.00, 0.00, 0.00, 0.00, 0.00, 0.00, 0.00, 0.00, 0.00, 0.00, 0.00, 0.00] class: Esperanto
|   |   |   |   |   |   |   |   |   |--- ('j', 'b') >  128.00
|   |   |   |   |   |   |   |   |   |   |--- weights: [0.00, 0.00, 0.00, 0.00, 0.00, 0.00, 0.00, 0.00, 0.00, 0.00, 0.00, 0.00, 0.00, 0.00, 0.00, 0.00, 0.00, 0.00, 3.00, 0.00, 0.00, 0.00, 0.00, 0.00, 0.00, 0.00, 0.00, 0.00, 0.00, 0.00, 0.00, 0.00, 0.00, 0.00, 0.00, 0.00, 0.00, 0.00, 0.00] class: keyboard_mash
|   |   |   |   |   |   |   |   |--- ('y', ' ') >  258.50
|   |   |   |   |   |   |   |   |   |--- ('d', 'a') <= 273.50
|   |   |   |   |   |   |   |   |   |   |--- weights: [0.00, 0.00, 0.00, 0.00, 0.00, 1.00, 0.00, 0.00, 0.00, 0.00, 0.00, 0.00, 0.00, 0.00, 0.00, 1.00, 0.00, 0.00, 2.00, 0.00, 0.00, 0.00, 0.00, 0.00, 0.00, 0.00, 0.00, 0.00, 0.00, 0.00, 0.00, 0.00, 0.00, 0.00, 0.00, 0.00, 0.00, 0.00, 0.00] class: keyboard_mash
|   |   |   |   |   |   |   |   |   |--- ('d', 'a') >  273.50
|   |   |   |   |   |   |   |   |   |   |--- weights: [0.00, 4.00, 0.00, 0.00, 0.00, 0.00, 0.00, 0.00, 0.00, 0.00, 0.00, 0.00, 0.00, 0.00, 0.00, 0.00, 0.00, 0.00, 0.00, 0.00, 0.00, 0.00, 0.00, 0.00, 0.00, 0.00, 0.00, 0.00, 0.00, 0.00, 0.00, 0.00, 0.00, 0.00, 0.00, 0.00, 0.00, 0.00, 0.00] class: Polish
|   |   |   |   |   |   |   |--- (' ', 'w') >  146.50
|   |   |   |   |   |   |   |   |--- (',', ' ') <= 360.50
|   |   |   |   |   |   |   |   |   |--- (' ', 'v') <= 380.50
|   |   |   |   |   |   |   |   |   |   |--- weights: [0.00, 0.00, 0.00, 0.00, 0.00, 0.00, 0.00, 0.00, 0.00, 0.00, 0.00, 0.00, 0.00, 0.00, 0.00, 0.00, 0.00, 0.00, 4.00, 0.00, 0.00, 0.00, 0.00, 0.00, 0.00, 0.00, 0.00, 0.00, 0.00, 0.00, 0.00, 0.00, 0.00, 0.00, 0.00, 0.00, 0.00, 0.00, 0.00] class: keyboard_mash
|   |   |   |   |   |   |   |   |   |--- (' ', 'v') >  380.50
|   |   |   |   |   |   |   |   |   |   |--- weights: [0.00, 0.00, 0.00, 0.00, 0.00, 0.00, 0.00, 0.00, 0.00, 0.00, 0.00, 0.00, 0.00, 0.00, 0.00, 0.00, 3.00, 0.00, 1.00, 0.00, 0.00, 0.00, 0.00, 0.00, 0.00, 0.00, 0.00, 0.00, 0.00, 0.00, 0.00, 0.00, 0.00, 0.00, 0.00, 0.00, 0.00, 0.00, 0.00] class: random
|   |   |   |   |   |   |   |   |--- (',', ' ') >  360.50
|   |   |   |   |   |   |   |   |   |--- weights: [0.00, 12.00, 0.00, 0.00, 0.00, 0.00, 0.00, 0.00, 0.00, 0.00, 0.00, 0.00, 0.00, 0.00, 0.00, 0.00, 0.00, 0.00, 0.00, 0.00, 0.00, 0.00, 0.00, 0.00, 0.00, 0.00, 0.00, 0.00, 0.00, 0.00, 0.00, 0.00, 0.00, 0.00, 0.00, 0.00, 0.00, 0.00, 0.00] class: Polish
|   |   |   |   |--- ('è', ' ') >  115.00
|   |   |   |   |   |--- weights: [0.00, 0.00, 0.00, 0.00, 0.00, 379.00, 0.00, 0.00, 0.00, 0.00, 0.00, 0.00, 0.00, 0.00, 0.00, 0.00, 0.00, 0.00, 0.00, 0.00, 0.00, 0.00, 0.00, 0.00, 0.00, 0.00, 0.00, 0.00, 0.00, 0.00, 0.00, 0.00, 0.00, 0.00, 0.00, 0.00, 0.00, 0.00, 0.00] class: Haitian
|   |   |   |--- ('n', 'g') >  1608.00
|   |   |   |   |--- ('a', ' ') <= 986.00
|   |   |   |   |   |--- (' ', 'f') <= 654.50
|   |   |   |   |   |   |--- (' ', 'u') <= 550.50
|   |   |   |   |   |   |   |--- ('j', 'n') <= 189.50
|   |   |   |   |   |   |   |   |--- ('e', 'n') <= 668.00
|   |   |   |   |   |   |   |   |   |--- ('g', 'e') <= 596.00
|   |   |   |   |   |   |   |   |   |   |--- weights: [0.00, 0.00, 0.00, 0.00, 0.00, 0.00, 0.00, 2.00, 3.00, 0.00, 1.00, 0.00, 0.00, 0.00, 0.00, 0.00, 0.00, 0.00, 1.00, 0.00, 0.00, 0.00, 0.00, 0.00, 0.00, 0.00, 0.00, 0.00, 0.00, 3.00, 0.00, 1.00, 0.00, 0.00, 0.00, 0.00, 0.00, 0.00, 0.00] class: Latvian
|   |   |   |   |   |   |   |   |   |--- ('g', 'e') >  596.00
|   |   |   |   |   |   |   |   |   |   |--- weights: [0.00, 0.00, 0.00, 0.00, 0.00, 0.00, 0.00, 0.00, 0.00, 0.00, 0.00, 0.00, 0.00, 0.00, 0.00, 0.00, 0.00, 0.00, 0.00, 0.00, 0.00, 0.00, 0.00, 0.00, 0.00, 0.00, 4.00, 0.00, 0.00, 0.00, 0.00, 0.00, 0.00, 0.00, 0.00, 0.00, 0.00, 0.00, 0.00] class: Typescript
|   |   |   |   |   |   |   |   |--- ('e', 'n') >  668.00
|   |   |   |   |   |   |   |   |   |--- ('a', 's') <= 522.50
|   |   |   |   |   |   |   |   |   |   |--- weights: [0.00, 0.00, 0.00, 0.00, 0.00, 0.00, 0.00, 0.00, 0.00, 0.00, 0.00, 0.00, 0.00, 0.00, 4.00, 0.00, 0.00, 0.00, 0.00, 0.00, 0.00, 0.00, 0.00, 0.00, 0.00, 0.00, 0.00, 0.00, 0.00, 0.00, 0.00, 0.00, 0.00, 0.00, 0.00, 0.00, 0.00, 0.00, 0.00] class: Swedish
|   |   |   |   |   |   |   |   |   |--- ('a', 's') >  522.50
|   |   |   |   |   |   |   |   |   |   |--- weights: [0.00, 0.00, 0.00, 0.00, 0.00, 0.00, 2.00, 0.00, 0.00, 0.00, 0.00, 0.00, 0.00, 1.00, 0.00, 0.00, 0.00, 0.00, 0.00, 0.00, 0.00, 0.00, 0.00, 0.00, 0.00, 0.00, 0.00, 0.00, 0.00, 0.00, 0.00, 0.00, 0.00, 0.00, 0.00, 0.00, 0.00, 0.00, 0.00] class: Norwegian
|   |   |   |   |   |   |   |--- ('j', 'n') >  189.50
|   |   |   |   |   |   |   |   |--- weights: [0.00, 0.00, 0.00, 0.00, 3.00, 0.00, 0.00, 0.00, 0.00, 0.00, 0.00, 0.00, 0.00, 0.00, 0.00, 0.00, 0.00, 0.00, 0.00, 0.00, 0.00, 0.00, 0.00, 0.00, 0.00, 0.00, 0.00, 0.00, 0.00, 0.00, 0.00, 0.00, 0.00, 0.00, 0.00, 0.00, 0.00, 0.00, 0.00] class: Dutch
|   |   |   |   |   |   |--- (' ', 'u') >  550.50
|   |   |   |   |   |   |   |--- weights: [0.00, 0.00, 0.00, 0.00, 0.00, 0.00, 0.00, 0.00, 0.00, 0.00, 6.00, 0.00, 0.00, 0.00, 0.00, 0.00, 0.00, 0.00, 0.00, 0.00, 0.00, 0.00, 0.00, 0.00, 0.00, 0.00, 0.00, 0.00, 0.00, 0.00, 0.00, 0.00, 0.00, 0.00, 0.00, 0.00, 0.00, 0.00, 0.00] class: Cebuano
|   |   |   |   |   |--- (' ', 'f') >  654.50
|   |   |   |   |   |   |--- ('u', 'p') <= 415.00
|   |   |   |   |   |   |   |--- weights: [0.00, 0.00, 0.00, 0.00, 0.00, 0.00, 7.00, 0.00, 0.00, 0.00, 0.00, 0.00, 0.00, 0.00, 0.00, 0.00, 0.00, 0.00, 0.00, 0.00, 0.00, 0.00, 0.00, 0.00, 0.00, 0.00, 0.00, 0.00, 0.00, 0.00, 0.00, 0.00, 0.00, 0.00, 0.00, 0.00, 0.00, 0.00, 0.00] class: Norwegian
|   |   |   |   |   |   |--- ('u', 'p') >  415.00
|   |   |   |   |   |   |   |--- weights: [0.00, 0.00, 0.00, 0.00, 0.00, 0.00, 0.00, 1.00, 0.00, 0.00, 0.00, 0.00, 0.00, 0.00, 0.00, 0.00, 0.00, 0.00, 0.00, 0.00, 0.00, 0.00, 0.00, 0.00, 0.00, 0.00, 0.00, 0.00, 0.00, 0.00, 0.00, 0.00, 0.00, 0.00, 0.00, 0.00, 0.00, 0.00, 0.00] class: English
|   |   |   |   |--- ('a', ' ') >  986.00
|   |   |   |   |   |--- ('g', ' ') <= 229.50
|   |   |   |   |   |   |--- ('ī', 'j') <= 575.00
|   |   |   |   |   |   |   |--- (' ', 'e') <= 301.00
|   |   |   |   |   |   |   |   |--- weights: [0.00, 0.00, 1.00, 0.00, 0.00, 0.00, 0.00, 0.00, 0.00, 0.00, 0.00, 0.00, 0.00, 0.00, 0.00, 0.00, 0.00, 0.00, 0.00, 0.00, 0.00, 0.00, 0.00, 0.00, 0.00, 0.00, 0.00, 0.00, 0.00, 0.00, 0.00, 0.00, 0.00, 0.00, 0.00, 0.00, 0.00, 0.00, 0.00] class: Portugese
|   |   |   |   |   |   |   |--- (' ', 'e') >  301.00
|   |   |   |   |   |   |   |   |--- weights: [0.00, 0.00, 0.00, 0.00, 0.00, 0.00, 0.00, 0.00, 0.00, 0.00, 0.00, 0.00, 1.00, 0.00, 0.00, 0.00, 0.00, 0.00, 0.00, 0.00, 0.00, 0.00, 0.00, 0.00, 0.00, 0.00, 0.00, 0.00, 0.00, 0.00, 0.00, 0.00, 0.00, 0.00, 0.00, 0.00, 0.00, 0.00, 0.00] class: Finnish
|   |   |   |   |   |   |--- ('ī', 'j') >  575.00
|   |   |   |   |   |   |   |--- weights: [0.00, 0.00, 0.00, 0.00, 0.00, 0.00, 0.00, 0.00, 4.00, 0.00, 0.00, 0.00, 0.00, 0.00, 0.00, 0.00, 0.00, 0.00, 0.00, 0.00, 0.00, 0.00, 0.00, 0.00, 0.00, 0.00, 0.00, 0.00, 0.00, 0.00, 0.00, 0.00, 0.00, 0.00, 0.00, 0.00, 0.00, 0.00, 0.00] class: Latvian
|   |   |   |   |   |--- ('g', ' ') >  229.50
|   |   |   |   |   |   |--- ('ä', 'n') <= 293.00
|   |   |   |   |   |   |   |--- ('e', 'g') <= 1677.00
|   |   |   |   |   |   |   |   |--- weights: [0.00, 0.00, 0.00, 0.00, 0.00, 0.00, 0.00, 0.00, 0.00, 0.00, 413.00, 0.00, 0.00, 0.00, 0.00, 0.00, 0.00, 0.00, 0.00, 0.00, 0.00, 0.00, 0.00, 0.00, 0.00, 0.00, 0.00, 0.00, 0.00, 0.00, 0.00, 0.00, 0.00, 0.00, 0.00, 0.00, 0.00, 0.00, 0.00] class: Cebuano
|   |   |   |   |   |   |   |--- ('e', 'g') >  1677.00
|   |   |   |   |   |   |   |   |--- weights: [0.00, 0.00, 0.00, 0.00, 0.00, 0.00, 1.00, 0.00, 0.00, 0.00, 0.00, 0.00, 0.00, 0.00, 0.00, 0.00, 0.00, 0.00, 0.00, 0.00, 0.00, 0.00, 0.00, 0.00, 0.00, 0.00, 0.00, 0.00, 0.00, 0.00, 0.00, 0.00, 0.00, 0.00, 0.00, 0.00, 0.00, 0.00, 0.00] class: Norwegian
|   |   |   |   |   |   |--- ('ä', 'n') >  293.00
|   |   |   |   |   |   |   |--- weights: [0.00, 0.00, 0.00, 0.00, 0.00, 0.00, 0.00, 0.00, 0.00, 0.00, 0.00, 0.00, 0.00, 0.00, 4.00, 0.00, 0.00, 0.00, 0.00, 0.00, 0.00, 0.00, 0.00, 0.00, 0.00, 0.00, 0.00, 0.00, 0.00, 0.00, 0.00, 0.00, 0.00, 0.00, 0.00, 0.00, 0.00, 0.00, 0.00] class: Swedish
|   |   |--- ('t', 'h') >  904.50
|   |   |   |--- ('e', ' ') <= 485.50
|   |   |   |   |--- ('c', ' ') <= 175.50
|   |   |   |   |   |--- ('s', ' ') <= 426.00
|   |   |   |   |   |   |--- (' ', 'e') <= 1095.50
|   |   |   |   |   |   |   |--- ('l', 'e') <= 1176.00
|   |   |   |   |   |   |   |   |--- ('l', 'a') <= 1847.50
|   |   |   |   |   |   |   |   |   |--- ('h', ' ') <= 732.50
|   |   |   |   |   |   |   |   |   |   |--- weights: [2.00, 0.00, 0.00, 0.00, 0.00, 0.00, 0.00, 1.00, 0.00, 0.00, 0.00, 0.00, 0.00, 0.00, 0.00, 0.00, 0.00, 0.00, 0.00, 0.00, 0.00, 0.00, 0.00, 4.00, 0.00, 0.00, 0.00, 0.00, 0.00, 0.00, 0.00, 0.00, 0.00, 0.00, 0.00, 0.00, 0.00, 0.00, 0.00] class: keyboard_mash_dvorak_simulated
|   |   |   |   |   |   |   |   |   |--- ('h', ' ') >  732.50
|   |   |   |   |   |   |   |   |   |   |--- weights: [0.00, 0.00, 0.00, 0.00, 1.00, 0.00, 0.00, 0.00, 0.00, 0.00, 0.00, 0.00, 0.00, 0.00, 2.00, 0.00, 2.00, 0.00, 0.00, 0.00, 0.00, 0.00, 0.00, 0.00, 0.00, 0.00, 0.00, 0.00, 0.00, 0.00, 0.00, 1.00, 0.00, 0.00, 0.00, 0.00, 0.00, 0.00, 0.00] class: Swedish
|   |   |   |   |   |   |   |   |--- ('l', 'a') >  1847.50
|   |   |   |   |   |   |   |   |   |--- weights: [0.00, 0.00, 0.00, 0.00, 0.00, 0.00, 0.00, 0.00, 0.00, 0.00, 3.00, 0.00, 0.00, 0.00, 0.00, 0.00, 0.00, 0.00, 0.00, 0.00, 0.00, 0.00, 0.00, 0.00, 0.00, 0.00, 0.00, 0.00, 0.00, 0.00, 0.00, 0.00, 0.00, 0.00, 0.00, 0.00, 0.00, 0.00, 0.00] class: Cebuano
|   |   |   |   |   |   |   |--- ('l', 'e') >  1176.00
|   |   |   |   |   |   |   |   |--- weights: [0.00, 0.00, 0.00, 0.00, 0.00, 0.00, 0.00, 0.00, 0.00, 0.00, 0.00, 0.00, 0.00, 0.00, 0.00, 0.00, 0.00, 3.00, 0.00, 0.00, 0.00, 0.00, 0.00, 0.00, 0.00, 0.00, 0.00, 0.00, 0.00, 0.00, 0.00, 0.00, 0.00, 0.00, 0.00, 0.00, 0.00, 0.00, 0.00] class: Assembly
|   |   |   |   |   |   |--- (' ', 'e') >  1095.50
|   |   |   |   |   |   |   |--- ('t', ' ') <= 5204.50
|   |   |   |   |   |   |   |   |--- weights: [0.00, 0.00, 0.00, 4.00, 0.00, 0.00, 0.00, 0.00, 0.00, 0.00, 0.00, 0.00, 0.00, 0.00, 0.00, 0.00, 0.00, 0.00, 0.00, 0.00, 0.00, 0.00, 0.00, 0.00, 0.00, 0.00, 0.00, 0.00, 0.00, 0.00, 0.00, 0.00, 0.00, 0.00, 0.00, 0.00, 0.00, 0.00, 0.00] class: Modern Ecclesiastical Latin
|   |   |   |   |   |   |   |--- ('t', ' ') >  5204.50
|   |   |   |   |   |   |   |   |--- weights: [0.00, 0.00, 0.00, 0.00, 0.00, 0.00, 0.00, 0.00, 0.00, 0.00, 0.00, 0.00, 0.00, 2.00, 0.00, 0.00, 0.00, 0.00, 0.00, 0.00, 0.00, 0.00, 0.00, 0.00, 0.00, 0.00, 0.00, 0.00, 0.00, 0.00, 0.00, 0.00, 0.00, 0.00, 0.00, 0.00, 0.00, 0.00, 0.00] class: French
|   |   |   |   |   |--- ('s', ' ') >  426.00
|   |   |   |   |   |   |--- ('B', 'e') <= 368.50
|   |   |   |   |   |   |   |--- (' ', 'Z') <= 618.50
|   |   |   |   |   |   |   |   |--- weights: [0.00, 0.00, 0.00, 0.00, 0.00, 0.00, 0.00, 9.00, 0.00, 0.00, 0.00, 0.00, 0.00, 0.00, 0.00, 0.00, 0.00, 0.00, 0.00, 0.00, 0.00, 0.00, 0.00, 0.00, 0.00, 0.00, 0.00, 0.00, 0.00, 0.00, 0.00, 0.00, 0.00, 0.00, 0.00, 0.00, 0.00, 0.00, 0.00] class: English
|   |   |   |   |   |   |   |--- (' ', 'Z') >  618.50
|   |   |   |   |   |   |   |   |--- weights: [0.00, 0.00, 0.00, 0.00, 1.00, 0.00, 0.00, 0.00, 0.00, 0.00, 0.00, 0.00, 0.00, 0.00, 0.00, 0.00, 0.00, 0.00, 0.00, 0.00, 0.00, 0.00, 0.00, 0.00, 0.00, 0.00, 0.00, 0.00, 0.00, 0.00, 0.00, 0.00, 0.00, 0.00, 0.00, 0.00, 0.00, 0.00, 0.00] class: Dutch
|   |   |   |   |   |   |--- ('B', 'e') >  368.50
|   |   |   |   |   |   |   |--- (' ', 'E') <= 455.50
|   |   |   |   |   |   |   |   |--- weights: [0.00, 0.00, 0.00, 1.00, 0.00, 0.00, 0.00, 0.00, 0.00, 0.00, 0.00, 0.00, 0.00, 0.00, 0.00, 0.00, 0.00, 0.00, 0.00, 0.00, 0.00, 0.00, 0.00, 0.00, 0.00, 0.00, 0.00, 0.00, 0.00, 0.00, 0.00, 0.00, 0.00, 0.00, 0.00, 0.00, 0.00, 0.00, 0.00] class: Modern Ecclesiastical Latin
|   |   |   |   |   |   |   |--- (' ', 'E') >  455.50
|   |   |   |   |   |   |   |   |--- weights: [0.00, 0.00, 0.00, 0.00, 0.00, 0.00, 0.00, 0.00, 0.00, 0.00, 1.00, 0.00, 0.00, 0.00, 0.00, 0.00, 0.00, 0.00, 0.00, 0.00, 0.00, 0.00, 0.00, 0.00, 0.00, 0.00, 0.00, 0.00, 0.00, 0.00, 0.00, 0.00, 0.00, 0.00, 0.00, 0.00, 0.00, 0.00, 0.00] class: Cebuano
|   |   |   |   |--- ('c', ' ') >  175.50
|   |   |   |   |   |--- ('a', 'p') <= 750.50
|   |   |   |   |   |   |--- weights: [0.00, 0.00, 0.00, 0.00, 0.00, 0.00, 0.00, 0.00, 0.00, 0.00, 0.00, 0.00, 0.00, 0.00, 0.00, 0.00, 0.00, 0.00, 0.00, 0.00, 0.00, 0.00, 0.00, 11.00, 0.00, 0.00, 0.00, 0.00, 0.00, 0.00, 0.00, 0.00, 0.00, 0.00, 0.00, 0.00, 0.00, 0.00, 0.00] class: keyboard_mash_dvorak_simulated
|   |   |   |   |   |--- ('a', 'p') >  750.50
|   |   |   |   |   |   |--- weights: [1.00, 0.00, 0.00, 0.00, 0.00, 0.00, 0.00, 0.00, 0.00, 0.00, 0.00, 0.00, 0.00, 0.00, 0.00, 0.00, 0.00, 0.00, 0.00, 0.00, 0.00, 0.00, 0.00, 0.00, 0.00, 0.00, 0.00, 0.00, 0.00, 0.00, 0.00, 0.00, 0.00, 0.00, 0.00, 0.00, 0.00, 0.00, 0.00] class: Shell
|   |   |   |--- ('e', ' ') >  485.50
|   |   |   |   |--- ('q', 'u') <= 444.00
|   |   |   |   |   |--- ('d', 'e') <= 1852.50
|   |   |   |   |   |   |--- ('*', '.') <= 131.00
|   |   |   |   |   |   |   |--- ('h', 'b') <= 672.00
|   |   |   |   |   |   |   |   |--- ('C', 'a') <= 975.50
|   |   |   |   |   |   |   |   |   |--- weights: [0.00, 0.00, 0.00, 0.00, 0.00, 0.00, 0.00, 465.00, 0.00, 0.00, 0.00, 0.00, 0.00, 0.00, 0.00, 0.00, 0.00, 0.00, 0.00, 0.00, 0.00, 0.00, 0.00, 0.00, 0.00, 0.00, 0.00, 0.00, 0.00, 0.00, 0.00, 0.00, 0.00, 0.00, 0.00, 0.00, 0.00, 0.00, 0.00] class: English
|   |   |   |   |   |   |   |   |--- ('C', 'a') >  975.50
|   |   |   |   |   |   |   |   |   |--- weights: [0.00, 0.00, 0.00, 1.00, 0.00, 0.00, 0.00, 0.00, 0.00, 0.00, 0.00, 0.00, 0.00, 0.00, 0.00, 0.00, 0.00, 0.00, 0.00, 0.00, 0.00, 0.00, 0.00, 0.00, 0.00, 0.00, 0.00, 0.00, 0.00, 0.00, 0.00, 0.00, 0.00, 0.00, 0.00, 0.00, 0.00, 0.00, 0.00] class: Modern Ecclesiastical Latin
|   |   |   |   |   |   |   |--- ('h', 'b') >  672.00
|   |   |   |   |   |   |   |   |--- (' ', 'q') <= 462.00
|   |   |   |   |   |   |   |   |   |--- weights: [0.00, 0.00, 0.00, 0.00, 0.00, 0.00, 0.00, 0.00, 0.00, 0.00, 0.00, 0.00, 0.00, 0.00, 0.00, 0.00, 1.00, 0.00, 0.00, 0.00, 0.00, 0.00, 0.00, 0.00, 0.00, 0.00, 0.00, 0.00, 0.00, 0.00, 0.00, 0.00, 0.00, 0.00, 0.00, 0.00, 0.00, 0.00, 0.00] class: random
|   |   |   |   |   |   |   |   |--- (' ', 'q') >  462.00
|   |   |   |   |   |   |   |   |   |--- weights: [0.00, 0.00, 0.00, 0.00, 0.00, 0.00, 0.00, 0.00, 0.00, 0.00, 0.00, 0.00, 0.00, 0.00, 0.00, 0.00, 0.00, 0.00, 0.00, 0.00, 0.00, 0.00, 0.00, 1.00, 0.00, 0.00, 0.00, 0.00, 0.00, 0.00, 0.00, 0.00, 0.00, 0.00, 0.00, 0.00, 0.00, 0.00, 0.00] class: keyboard_mash_dvorak_simulated
|   |   |   |   |   |   |--- ('*', '.') >  131.00
|   |   |   |   |   |   |   |--- weights: [0.00, 0.00, 0.00, 0.00, 0.00, 0.00, 0.00, 0.00, 0.00, 0.00, 0.00, 0.00, 0.00, 0.00, 0.00, 0.00, 0.00, 0.00, 0.00, 0.00, 0.00, 0.00, 0.00, 0.00, 0.00, 0.00, 2.00, 0.00, 0.00, 0.00, 0.00, 0.00, 0.00, 0.00, 0.00, 0.00, 0.00, 0.00, 0.00] class: Typescript
|   |   |   |   |   |--- ('d', 'e') >  1852.50
|   |   |   |   |   |   |--- (' ', 's') <= 260.50
|   |   |   |   |   |   |   |--- ('i', 'l') <= 2560.00
|   |   |   |   |   |   |   |   |--- weights: [0.00, 0.00, 0.00, 0.00, 4.00, 0.00, 0.00, 0.00, 0.00, 0.00, 0.00, 0.00, 0.00, 0.00, 0.00, 0.00, 0.00, 0.00, 0.00, 0.00, 0.00, 0.00, 0.00, 0.00, 0.00, 0.00, 0.00, 0.00, 0.00, 0.00, 0.00, 0.00, 0.00, 0.00, 0.00, 0.00, 0.00, 0.00, 0.00] class: Dutch
|   |   |   |   |   |   |   |--- ('i', 'l') >  2560.00
|   |   |   |   |   |   |   |   |--- weights: [0.00, 0.00, 0.00, 0.00, 0.00, 0.00, 0.00, 0.00, 0.00, 0.00, 0.00, 0.00, 0.00, 1.00, 0.00, 0.00, 0.00, 0.00, 0.00, 0.00, 0.00, 0.00, 0.00, 0.00, 0.00, 0.00, 0.00, 0.00, 0.00, 0.00, 0.00, 0.00, 0.00, 0.00, 0.00, 0.00, 0.00, 0.00, 0.00] class: French
|   |   |   |   |   |   |--- (' ', 's') >  260.50
|   |   |   |   |   |   |   |--- weights: [0.00, 0.00, 0.00, 0.00, 0.00, 0.00, 0.00, 2.00, 0.00, 0.00, 0.00, 0.00, 0.00, 0.00, 0.00, 0.00, 0.00, 0.00, 0.00, 0.00, 0.00, 0.00, 0.00, 0.00, 0.00, 0.00, 0.00, 0.00, 0.00, 0.00, 0.00, 0.00, 0.00, 0.00, 0.00, 0.00, 0.00, 0.00, 0.00] class: English
|   |   |   |   |--- ('q', 'u') >  444.00
|   |   |   |   |   |--- ('s', 'e') <= 177.50
|   |   |   |   |   |   |--- weights: [0.00, 0.00, 0.00, 5.00, 0.00, 0.00, 0.00, 0.00, 0.00, 0.00, 0.00, 0.00, 0.00, 0.00, 0.00, 0.00, 0.00, 0.00, 0.00, 0.00, 0.00, 0.00, 0.00, 0.00, 0.00, 0.00, 0.00, 0.00, 0.00, 0.00, 0.00, 0.00, 0.00, 0.00, 0.00, 0.00, 0.00, 0.00, 0.00] class: Modern Ecclesiastical Latin
|   |   |   |   |   |--- ('s', 'e') >  177.50
|   |   |   |   |   |   |--- (' ', 's') <= 859.00
|   |   |   |   |   |   |   |--- weights: [0.00, 0.00, 0.00, 0.00, 0.00, 0.00, 0.00, 2.00, 0.00, 0.00, 0.00, 0.00, 0.00, 0.00, 0.00, 0.00, 0.00, 0.00, 0.00, 0.00, 0.00, 0.00, 0.00, 0.00, 0.00, 0.00, 0.00, 0.00, 0.00, 0.00, 0.00, 0.00, 0.00, 0.00, 0.00, 0.00, 0.00, 0.00, 0.00] class: English
|   |   |   |   |   |   |--- (' ', 's') >  859.00
|   |   |   |   |   |   |   |--- ('-', 'q') <= 504.50
|   |   |   |   |   |   |   |   |--- weights: [0.00, 0.00, 0.00, 0.00, 0.00, 0.00, 0.00, 0.00, 0.00, 0.00, 0.00, 0.00, 0.00, 0.00, 0.00, 0.00, 0.00, 2.00, 0.00, 0.00, 0.00, 0.00, 0.00, 0.00, 0.00, 0.00, 0.00, 0.00, 0.00, 0.00, 0.00, 0.00, 0.00, 0.00, 0.00, 0.00, 0.00, 0.00, 0.00] class: Assembly
|   |   |   |   |   |   |   |--- ('-', 'q') >  504.50
|   |   |   |   |   |   |   |   |--- weights: [0.00, 0.00, 0.00, 0.00, 0.00, 0.00, 0.00, 0.00, 0.00, 0.00, 0.00, 0.00, 0.00, 1.00, 0.00, 0.00, 0.00, 0.00, 0.00, 0.00, 0.00, 0.00, 0.00, 0.00, 0.00, 0.00, 0.00, 0.00, 0.00, 0.00, 0.00, 0.00, 0.00, 0.00, 0.00, 0.00, 0.00, 0.00, 0.00] class: French
|   |--- ('ä', ' ') >  122.50
|   |   |--- ('c', 'h') <= 364.50
|   |   |   |--- weights: [0.00, 0.00, 0.00, 0.00, 0.00, 0.00, 0.00, 0.00, 0.00, 0.00, 0.00, 0.00, 500.00, 0.00, 0.00, 0.00, 0.00, 0.00, 0.00, 0.00, 0.00, 0.00, 0.00, 0.00, 0.00, 0.00, 0.00, 0.00, 0.00, 0.00, 0.00, 0.00, 0.00, 0.00, 0.00, 0.00, 0.00, 0.00, 0.00] class: Finnish
|   |   |--- ('c', 'h') >  364.50
|   |   |   |--- weights: [0.00, 0.00, 0.00, 0.00, 0.00, 0.00, 0.00, 0.00, 0.00, 0.00, 0.00, 0.00, 0.00, 0.00, 1.00, 0.00, 0.00, 0.00, 0.00, 0.00, 0.00, 0.00, 0.00, 0.00, 0.00, 0.00, 0.00, 0.00, 0.00, 0.00, 0.00, 0.00, 0.00, 0.00, 0.00, 0.00, 0.00, 0.00, 0.00] class: Swedish
|--- (']', ' ') >  93.50
|   |--- (' ', 's') <= 217.50
|   |   |--- (' ', '[') <= 128.00
|   |   |   |--- ('=', ' ') <= 862.50
|   |   |   |   |--- weights: [0.00, 0.00, 0.00, 0.00, 0.00, 0.00, 0.00, 0.00, 0.00, 570.00, 0.00, 0.00, 0.00, 0.00, 0.00, 0.00, 0.00, 0.00, 0.00, 0.00, 0.00, 0.00, 0.00, 0.00, 0.00, 0.00, 0.00, 0.00, 0.00, 0.00, 0.00, 0.00, 0.00, 0.00, 0.00, 0.00, 0.00, 0.00, 0.00] class: Middle English
|   |   |   |--- ('=', ' ') >  862.50
|   |   |   |   |--- ('s', 'i') <= 1725.00
|   |   |   |   |   |--- weights: [0.00, 0.00, 0.00, 0.00, 0.00, 0.00, 0.00, 0.00, 0.00, 0.00, 0.00, 0.00, 0.00, 0.00, 0.00, 0.00, 0.00, 0.00, 0.00, 0.00, 0.00, 0.00, 0.00, 0.00, 0.00, 0.00, 0.00, 0.00, 0.00, 0.00, 0.00, 0.00, 0.00, 0.00, 0.00, 0.00, 0.00, 1.00, 0.00] class: ruby
|   |   |   |   |--- ('s', 'i') >  1725.00
|   |   |   |   |   |--- weights: [0.00, 0.00, 0.00, 0.00, 0.00, 0.00, 0.00, 0.00, 0.00, 0.00, 0.00, 0.00, 0.00, 0.00, 0.00, 0.00, 0.00, 1.00, 0.00, 0.00, 0.00, 0.00, 0.00, 0.00, 0.00, 0.00, 0.00, 0.00, 0.00, 0.00, 0.00, 0.00, 0.00, 0.00, 0.00, 0.00, 0.00, 0.00, 0.00] class: Assembly
|   |   |--- (' ', '[') >  128.00
|   |   |   |--- ('e', ' ') <= 3316.00
|   |   |   |   |--- ('e', 'd') <= 226.00
|   |   |   |   |   |--- (' ', '[') <= 1242.50
|   |   |   |   |   |   |--- weights: [0.00, 0.00, 0.00, 0.00, 0.00, 0.00, 0.00, 0.00, 0.00, 0.00, 0.00, 0.00, 0.00, 0.00, 0.00, 0.00, 0.00, 1.00, 0.00, 0.00, 0.00, 0.00, 0.00, 0.00, 0.00, 0.00, 0.00, 0.00, 0.00, 0.00, 0.00, 0.00, 0.00, 0.00, 0.00, 0.00, 0.00, 0.00, 0.00] class: Assembly
|   |   |   |   |   |--- (' ', '[') >  1242.50
|   |   |   |   |   |   |--- weights: [0.00, 0.00, 0.00, 0.00, 0.00, 0.00, 0.00, 0.00, 0.00, 0.00, 0.00, 0.00, 0.00, 0.00, 0.00, 2.00, 0.00, 0.00, 0.00, 0.00, 0.00, 0.00, 0.00, 0.00, 0.00, 0.00, 0.00, 0.00, 0.00, 0.00, 0.00, 0.00, 0.00, 0.00, 0.00, 0.00, 0.00, 0.00, 0.00] class: Czech
|   |   |   |   |--- ('e', 'd') >  226.00
|   |   |   |   |   |--- weights: [0.00, 0.00, 0.00, 0.00, 0.00, 0.00, 0.00, 0.00, 0.00, 2.00, 0.00, 0.00, 0.00, 0.00, 0.00, 0.00, 0.00, 0.00, 0.00, 0.00, 0.00, 0.00, 0.00, 0.00, 0.00, 0.00, 0.00, 0.00, 0.00, 0.00, 0.00, 0.00, 0.00, 0.00, 0.00, 0.00, 0.00, 0.00, 0.00] class: Middle English
|   |   |   |--- ('e', ' ') >  3316.00
|   |   |   |   |--- weights: [0.00, 0.00, 0.00, 0.00, 0.00, 0.00, 0.00, 0.00, 0.00, 0.00, 0.00, 0.00, 0.00, 2.00, 0.00, 0.00, 0.00, 0.00, 0.00, 0.00, 0.00, 0.00, 0.00, 0.00, 0.00, 0.00, 0.00, 0.00, 0.00, 0.00, 0.00, 0.00, 0.00, 0.00, 0.00, 0.00, 0.00, 0.00, 0.00] class: French
|   |--- (' ', 's') >  217.50
|   |   |--- (' ', 'j') <= 127.00
|   |   |   |--- ('h', ' ') <= 168.50
|   |   |   |   |--- ('n', 't') <= 132.00
|   |   |   |   |   |--- ('s', 'k') <= 840.50
|   |   |   |   |   |   |--- weights: [0.00, 0.00, 0.00, 0.00, 0.00, 0.00, 0.00, 0.00, 0.00, 0.00, 0.00, 0.00, 0.00, 0.00, 0.00, 0.00, 0.00, 1.00, 0.00, 0.00, 0.00, 0.00, 0.00, 0.00, 0.00, 0.00, 0.00, 0.00, 0.00, 0.00, 0.00, 0.00, 0.00, 0.00, 0.00, 0.00, 0.00, 0.00, 0.00] class: Assembly
|   |   |   |   |   |--- ('s', 'k') >  840.50
|   |   |   |   |   |   |--- weights: [0.00, 0.00, 0.00, 0.00, 0.00, 0.00, 0.00, 0.00, 0.00, 0.00, 0.00, 0.00, 0.00, 0.00, 0.00, 0.00, 0.00, 0.00, 0.00, 0.00, 0.00, 0.00, 1.00, 0.00, 0.00, 0.00, 0.00, 0.00, 0.00, 0.00, 0.00, 0.00, 0.00, 0.00, 0.00, 0.00, 0.00, 0.00, 0.00] class: Lua
|   |   |   |   |--- ('n', 't') >  132.00
|   |   |   |   |   |--- weights: [0.00, 0.00, 0.00, 0.00, 0.00, 0.00, 0.00, 0.00, 0.00, 0.00, 0.00, 0.00, 0.00, 3.00, 0.00, 0.00, 0.00, 0.00, 0.00, 0.00, 0.00, 0.00, 0.00, 0.00, 0.00, 0.00, 0.00, 0.00, 0.00, 0.00, 0.00, 0.00, 0.00, 0.00, 0.00, 0.00, 0.00, 0.00, 0.00] class: French
|   |   |   |--- ('h', ' ') >  168.50
|   |   |   |   |--- weights: [0.00, 0.00, 0.00, 0.00, 0.00, 0.00, 0.00, 0.00, 0.00, 0.00, 0.00, 0.00, 0.00, 0.00, 4.00, 0.00, 0.00, 0.00, 0.00, 0.00, 0.00, 0.00, 0.00, 0.00, 0.00, 0.00, 0.00, 0.00, 0.00, 0.00, 0.00, 0.00, 0.00, 0.00, 0.00, 0.00, 0.00, 0.00, 0.00] class: Swedish
|   |   |--- (' ', 'j') >  127.00
|   |   |   |--- weights: [0.00, 0.00, 0.00, 0.00, 0.00, 0.00, 0.00, 0.00, 0.00, 0.00, 0.00, 0.00, 0.00, 0.00, 0.00, 6.00, 0.00, 0.00, 0.00, 0.00, 0.00, 0.00, 0.00, 0.00, 0.00, 0.00, 0.00, 0.00, 0.00, 0.00, 0.00, 0.00, 0.00, 0.00, 0.00, 0.00, 0.00, 0.00, 0.00] class: Czech
