|--- feature_2502 <= 93.50
|   |--- feature_9039 <= 122.50
|   |   |--- feature_297 <= 904.50
|   |   |   |--- feature_3 <= 1608.00
|   |   |   |   |--- feature_7091 <= 115.00
|   |   |   |   |   |--- feature_289 <= 510.50
|   |   |   |   |   |   |--- feature_2776 <= 96.00
|   |   |   |   |   |   |   |--- feature_5033 <= 107.50
|   |   |   |   |   |   |   |   |--- feature_819 <= 4191.00
|   |   |   |   |   |   |   |   |   |--- feature_210 <= 495.00
|   |   |   |   |   |   |   |   |   |   |--- weights: [3.00, 441.00, 195.00, 532.00, 107.00, 123.00, 550.00, 57.00, 432.00, 2.00, 67.00, 112.00, 118.00, 516.00, 237.00, 428.00, 137.00, 14.00, 122.00, 49.00, 19.00, 5.00, 3.00, 138.00, 2.00, 5.00, 21.00, 3.00, 4.00, 5.00, 3.00, 11.00, 4.00, 4.00, 3.00, 1.00, 1.00, 0.00, 1.00] class: 6
|   |   |   |   |   |   |   |   |   |--- feature_210 >  495.00
|   |   |   |   |   |   |   |   |   |   |--- weights: [0.00, 16.00, 2.00, 0.00, 387.00, 4.00, 0.00, 0.00, 65.00, 0.00, 0.00, 3.00, 2.00, 0.00, 0.00, 17.00, 8.00, 0.00, 24.00, 0.00, 0.00, 0.00, 0.00, 0.00, 0.00, 0.00, 0.00, 0.00, 0.00, 0.00, 0.00, 0.00, 0.00, 0.00, 0.00, 0.00, 0.00, 0.00, 0.00] class: 4
|   |   |   |   |   |   |   |   |--- feature_819 >  4191.00
|   |   |   |   |   |   |   |   |   |--- feature_3630 <= 2087.50
|   |   |   |   |   |   |   |   |   |   |--- weights: [0.00, 0.00, 0.00, 0.00, 0.00, 0.00, 0.00, 0.00, 0.00, 0.00, 0.00, 0.00, 0.00, 0.00, 0.00, 0.00, 0.00, 273.00, 0.00, 0.00, 0.00, 0.00, 0.00, 0.00, 0.00, 0.00, 0.00, 0.00, 0.00, 0.00, 1.00, 0.00, 1.00, 0.00, 0.00, 0.00, 0.00, 0.00, 0.00] class: 17
|   |   |   |   |   |   |   |   |   |--- feature_3630 >  2087.50
|   |   |   |   |   |   |   |   |   |   |--- weights: [0.00, 0.00, 0.00, 0.00, 0.00, 0.00, 0.00, 0.00, 0.00, 0.00, 0.00, 0.00, 0.00, 0.00, 0.00, 0.00, 0.00, 0.00, 0.00, 0.00, 0.00, 0.00, 0.00, 0.00, 0.00, 0.00, 0.00, 0.00, 0.00, 0.00, 0.00, 0.00, 2.00, 0.00, 0.00, 0.00, 0.00, 0.00, 0.00] class: 32
|   |   |   |   |   |   |   |--- feature_5033 >  107.50
|   |   |   |   |   |   |   |   |--- weights: [0.00, 0.00, 309.00, 0.00, 0.00, 0.00, 0.00, 0.00, 0.00, 0.00, 0.00, 0.00, 0.00, 0.00, 0.00, 0.00, 0.00, 0.00, 0.00, 0.00, 0.00, 0.00, 0.00, 0.00, 0.00, 0.00, 0.00, 0.00, 0.00, 0.00, 0.00, 0.00, 0.00, 0.00, 0.00, 0.00, 0.00, 0.00, 0.00] class: 2
|   |   |   |   |   |   |--- feature_2776 >  96.00
|   |   |   |   |   |   |   |--- feature_522 <= 372.50
|   |   |   |   |   |   |   |   |--- feature_171 <= 395.00
|   |   |   |   |   |   |   |   |   |--- weights: [0.00, 0.00, 0.00, 0.00, 0.00, 0.00, 0.00, 0.00, 0.00, 0.00, 0.00, 0.00, 0.00, 0.00, 329.00, 0.00, 0.00, 0.00, 0.00, 0.00, 0.00, 0.00, 0.00, 0.00, 0.00, 0.00, 0.00, 0.00, 0.00, 0.00, 0.00, 0.00, 0.00, 0.00, 0.00, 0.00, 0.00, 0.00, 0.00] class: 14
|   |   |   |   |   |   |   |   |--- feature_171 >  395.00
|   |   |   |   |   |   |   |   |   |--- weights: [0.00, 0.00, 0.00, 0.00, 0.00, 0.00, 0.00, 0.00, 0.00, 0.00, 0.00, 0.00, 1.00, 0.00, 0.00, 0.00, 0.00, 0.00, 0.00, 0.00, 0.00, 0.00, 0.00, 0.00, 0.00, 0.00, 0.00, 0.00, 0.00, 0.00, 0.00, 0.00, 0.00, 0.00, 0.00, 0.00, 0.00, 0.00, 0.00] class: 12
|   |   |   |   |   |   |   |--- feature_522 >  372.50
|   |   |   |   |   |   |   |   |--- weights: [0.00, 0.00, 0.00, 0.00, 0.00, 0.00, 0.00, 0.00, 0.00, 0.00, 0.00, 0.00, 4.00, 0.00, 0.00, 0.00, 0.00, 0.00, 0.00, 0.00, 0.00, 0.00, 0.00, 0.00, 0.00, 0.00, 0.00, 0.00, 0.00, 0.00, 0.00, 0.00, 0.00, 0.00, 0.00, 0.00, 0.00, 0.00, 0.00] class: 12
|   |   |   |   |   |--- feature_289 >  510.50
|   |   |   |   |   |   |--- feature_124 <= 475.50
|   |   |   |   |   |   |   |--- feature_558 <= 529.00
|   |   |   |   |   |   |   |   |--- feature_9179 <= 262.50
|   |   |   |   |   |   |   |   |   |--- feature_109 <= 967.50
|   |   |   |   |   |   |   |   |   |   |--- weights: [0.00, 9.00, 3.00, 0.00, 1.00, 6.00, 2.00, 0.00, 0.00, 0.00, 0.00, 3.00, 5.00, 1.00, 0.00, 10.00, 5.00, 0.00, 4.00, 0.00, 0.00, 0.00, 0.00, 1.00, 0.00, 0.00, 0.00, 0.00, 0.00, 0.00, 0.00, 0.00, 0.00, 0.00, 0.00, 0.00, 0.00, 0.00, 0.00] class: 15
|   |   |   |   |   |   |   |   |   |--- feature_109 >  967.50
|   |   |   |   |   |   |   |   |   |   |--- weights: [0.00, 0.00, 2.00, 0.00, 0.00, 1.00, 0.00, 0.00, 3.00, 0.00, 0.00, 10.00, 0.00, 1.00, 1.00, 0.00, 0.00, 0.00, 0.00, 0.00, 0.00, 0.00, 0.00, 0.00, 0.00, 0.00, 0.00, 0.00, 0.00, 0.00, 0.00, 0.00, 0.00, 0.00, 0.00, 0.00, 0.00, 0.00, 0.00] class: 11
|   |   |   |   |   |   |   |   |--- feature_9179 >  262.50
|   |   |   |   |   |   |   |   |   |--- weights: [0.00, 0.00, 0.00, 0.00, 0.00, 0.00, 0.00, 0.00, 0.00, 0.00, 0.00, 0.00, 0.00, 0.00, 0.00, 13.00, 0.00, 0.00, 0.00, 0.00, 0.00, 0.00, 0.00, 0.00, 0.00, 0.00, 0.00, 0.00, 0.00, 0.00, 0.00, 0.00, 0.00, 0.00, 0.00, 0.00, 0.00, 0.00, 0.00] class: 15
|   |   |   |   |   |   |   |--- feature_558 >  529.00
|   |   |   |   |   |   |   |   |--- feature_109 <= 312.50
|   |   |   |   |   |   |   |   |   |--- feature_179 <= 273.50
|   |   |   |   |   |   |   |   |   |   |--- weights: [0.00, 47.00, 0.00, 0.00, 0.00, 0.00, 0.00, 0.00, 0.00, 0.00, 0.00, 0.00, 0.00, 0.00, 0.00, 0.00, 0.00, 0.00, 0.00, 0.00, 0.00, 0.00, 0.00, 0.00, 0.00, 0.00, 0.00, 0.00, 0.00, 0.00, 0.00, 0.00, 0.00, 0.00, 0.00, 0.00, 0.00, 0.00, 0.00] class: 1
|   |   |   |   |   |   |   |   |   |--- feature_179 >  273.50
|   |   |   |   |   |   |   |   |   |   |--- weights: [0.00, 0.00, 0.00, 0.00, 0.00, 0.00, 0.00, 0.00, 0.00, 0.00, 0.00, 0.00, 0.00, 0.00, 0.00, 0.00, 0.00, 0.00, 0.00, 0.00, 0.00, 0.00, 0.00, 1.00, 0.00, 0.00, 0.00, 0.00, 0.00, 0.00, 0.00, 0.00, 0.00, 0.00, 0.00, 0.00, 0.00, 0.00, 0.00] class: 23
|   |   |   |   |   |   |   |   |--- feature_109 >  312.50
|   |   |   |   |   |   |   |   |   |--- feature_453 <= 303.50
|   |   |   |   |   |   |   |   |   |   |--- weights: [0.00, 1.00, 1.00, 0.00, 0.00, 0.00, 0.00, 0.00, 0.00, 0.00, 0.00, 0.00, 0.00, 0.00, 0.00, 0.00, 0.00, 0.00, 0.00, 0.00, 0.00, 0.00, 0.00, 0.00, 0.00, 0.00, 0.00, 0.00, 0.00, 0.00, 0.00, 0.00, 0.00, 0.00, 0.00, 0.00, 0.00, 0.00, 0.00] class: 1
|   |   |   |   |   |   |   |   |   |--- feature_453 >  303.50
|   |   |   |   |   |   |   |   |   |   |--- weights: [0.00, 0.00, 0.00, 0.00, 0.00, 0.00, 0.00, 0.00, 4.00, 0.00, 0.00, 0.00, 0.00, 0.00, 0.00, 0.00, 0.00, 0.00, 0.00, 0.00, 0.00, 0.00, 0.00, 0.00, 0.00, 0.00, 0.00, 0.00, 0.00, 0.00, 0.00, 0.00, 0.00, 0.00, 0.00, 0.00, 0.00, 0.00, 0.00] class: 8
|   |   |   |   |   |   |--- feature_124 >  475.50
|   |   |   |   |   |   |   |--- feature_97 <= 146.50
|   |   |   |   |   |   |   |   |--- feature_180 <= 258.50
|   |   |   |   |   |   |   |   |   |--- feature_21 <= 128.00
|   |   |   |   |   |   |   |   |   |   |--- weights: [0.00, 0.00, 0.00, 0.00, 1.00, 1.00, 0.00, 0.00, 0.00, 0.00, 0.00, 434.00, 0.00, 0.00, 0.00, 2.00, 0.00, 0.00, 0.00, 0.00, 0.00, 0.00, 0.00, 0.00, 0.00, 0.00, 0.00, 0.00, 0.00, 0.00, 0.00, 0.00, 0.00, 0.00, 0.00, 0.00, 0.00, 0.00, 0.00] class: 11
|   |   |   |   |   |   |   |   |   |--- feature_21 >  128.00
|   |   |   |   |   |   |   |   |   |   |--- weights: [0.00, 0.00, 0.00, 0.00, 0.00, 0.00, 0.00, 0.00, 0.00, 0.00, 0.00, 0.00, 0.00, 0.00, 0.00, 0.00, 0.00, 0.00, 3.00, 0.00, 0.00, 0.00, 0.00, 0.00, 0.00, 0.00, 0.00, 0.00, 0.00, 0.00, 0.00, 0.00, 0.00, 0.00, 0.00, 0.00, 0.00, 0.00, 0.00] class: 18
|   |   |   |   |   |   |   |   |--- feature_180 >  258.50
|   |   |   |   |   |   |   |   |   |--- feature_318 <= 273.50
|   |   |   |   |   |   |   |   |   |   |--- weights: [0.00, 0.00, 0.00, 0.00, 0.00, 1.00, 0.00, 0.00, 0.00, 0.00, 0.00, 0.00, 0.00, 0.00, 0.00, 1.00, 0.00, 0.00, 2.00, 0.00, 0.00, 0.00, 0.00, 0.00, 0.00, 0.00, 0.00, 0.00, 0.00, 0.00, 0.00, 0.00, 0.00, 0.00, 0.00, 0.00, 0.00, 0.00, 0.00] class: 18
|   |   |   |   |   |   |   |   |   |--- feature_318 >  273.50
|   |   |   |   |   |   |   |   |   |   |--- weights: [0.00, 4.00, 0.00, 0.00, 0.00, 0.00, 0.00, 0.00, 0.00, 0.00, 0.00, 0.00, 0.00, 0.00, 0.00, 0.00, 0.00, 0.00, 0.00, 0.00, 0.00, 0.00, 0.00, 0.00, 0.00, 0.00, 0.00, 0.00, 0.00, 0.00, 0.00, 0.00, 0.00, 0.00, 0.00, 0.00, 0.00, 0.00, 0.00] class: 1
|   |   |   |   |   |   |   |--- feature_97 >  146.50
|   |   |   |   |   |   |   |   |--- feature_8141 <= 360.50
|   |   |   |   |   |   |   |   |   |--- feature_244 <= 146.50
|   |   |   |   |   |   |   |   |   |   |--- weights: [0.00, 0.00, 0.00, 0.00, 0.00, 0.00, 0.00, 0.00, 0.00, 0.00, 0.00, 0.00, 0.00, 0.00, 0.00, 0.00, 3.00, 0.00, 1.00, 0.00, 0.00, 0.00, 0.00, 0.00, 0.00, 0.00, 0.00, 0.00, 0.00, 0.00, 0.00, 0.00, 0.00, 0.00, 0.00, 0.00, 0.00, 0.00, 0.00] class: 16
|   |   |   |   |   |   |   |   |   |--- feature_244 >  146.50
|   |   |   |   |   |   |   |   |   |   |--- weights: [0.00, 0.00, 0.00, 0.00, 0.00, 0.00, 0.00, 0.00, 0.00, 0.00, 0.00, 0.00, 0.00, 0.00, 0.00, 0.00, 0.00, 0.00, 4.00, 0.00, 0.00, 0.00, 0.00, 0.00, 0.00, 0.00, 0.00, 0.00, 0.00, 0.00, 0.00, 0.00, 0.00, 0.00, 0.00, 0.00, 0.00, 0.00, 0.00] class: 18
|   |   |   |   |   |   |   |   |--- feature_8141 >  360.50
|   |   |   |   |   |   |   |   |   |--- weights: [0.00, 12.00, 0.00, 0.00, 0.00, 0.00, 0.00, 0.00, 0.00, 0.00, 0.00, 0.00, 0.00, 0.00, 0.00, 0.00, 0.00, 0.00, 0.00, 0.00, 0.00, 0.00, 0.00, 0.00, 0.00, 0.00, 0.00, 0.00, 0.00, 0.00, 0.00, 0.00, 0.00, 0.00, 0.00, 0.00, 0.00, 0.00, 0.00] class: 1
|   |   |   |   |--- feature_7091 >  115.00
|   |   |   |   |   |--- weights: [0.00, 0.00, 0.00, 0.00, 0.00, 379.00, 0.00, 0.00, 0.00, 0.00, 0.00, 0.00, 0.00, 0.00, 0.00, 0.00, 0.00, 0.00, 0.00, 0.00, 0.00, 0.00, 0.00, 0.00, 0.00, 0.00, 0.00, 0.00, 0.00, 0.00, 0.00, 0.00, 0.00, 0.00, 0.00, 0.00, 0.00, 0.00, 0.00] class: 5
|   |   |   |--- feature_3 >  1608.00
|   |   |   |   |--- feature_232 <= 986.00
|   |   |   |   |   |--- feature_34 <= 654.50
|   |   |   |   |   |   |--- feature_614 <= 790.50
|   |   |   |   |   |   |   |--- feature_481 <= 2770.00
|   |   |   |   |   |   |   |   |--- feature_481 <= 668.00
|   |   |   |   |   |   |   |   |   |--- feature_397 <= 894.00
|   |   |   |   |   |   |   |   |   |   |--- weights: [0.00, 0.00, 0.00, 0.00, 0.00, 0.00, 0.00, 2.00, 3.00, 0.00, 1.00, 0.00, 0.00, 0.00, 0.00, 0.00, 0.00, 0.00, 1.00, 0.00, 0.00, 0.00, 0.00, 0.00, 0.00, 0.00, 0.00, 0.00, 0.00, 3.00, 0.00, 1.00, 0.00, 0.00, 0.00, 0.00, 0.00, 0.00, 0.00] class: 8
|   |   |   |   |   |   |   |   |   |--- feature_397 >  894.00
|   |   |   |   |   |   |   |   |   |   |--- weights: [0.00, 0.00, 0.00, 0.00, 0.00, 0.00, 0.00, 0.00, 0.00, 0.00, 0.00, 0.00, 0.00, 0.00, 0.00, 0.00, 0.00, 0.00, 0.00, 0.00, 0.00, 0.00, 0.00, 0.00, 0.00, 0.00, 4.00, 0.00, 0.00, 0.00, 0.00, 0.00, 0.00, 0.00, 0.00, 0.00, 0.00, 0.00, 0.00] class: 26
|   |   |   |   |   |   |   |   |--- feature_481 >  668.00
|   |   |   |   |   |   |   |   |   |--- feature_252 <= 298.00
|   |   |   |   |   |   |   |   |   |   |--- weights: [0.00, 0.00, 0.00, 0.00, 0.00, 0.00, 0.00, 0.00, 0.00, 0.00, 0.00, 0.00, 0.00, 0.00, 4.00, 0.00, 0.00, 0.00, 0.00, 0.00, 0.00, 0.00, 0.00, 0.00, 0.00, 0.00, 0.00, 0.00, 0.00, 0.00, 0.00, 0.00, 0.00, 0.00, 0.00, 0.00, 0.00, 0.00, 0.00] class: 14
|   |   |   |   |   |   |   |   |   |--- feature_252 >  298.00
|   |   |   |   |   |   |   |   |   |   |--- weights: [0.00, 0.00, 0.00, 0.00, 0.00, 0.00, 2.00, 0.00, 0.00, 0.00, 0.00, 0.00, 0.00, 1.00, 0.00, 0.00, 0.00, 0.00, 0.00, 0.00, 0.00, 0.00, 0.00, 0.00, 0.00, 0.00, 0.00, 0.00, 0.00, 0.00, 0.00, 0.00, 0.00, 0.00, 0.00, 0.00, 0.00, 0.00, 0.00] class: 6
|   |   |   |   |   |   |   |--- feature_481 >  2770.00
|   |   |   |   |   |   |   |   |--- weights: [0.00, 0.00, 0.00, 0.00, 3.00, 0.00, 0.00, 0.00, 0.00, 0.00, 0.00, 0.00, 0.00, 0.00, 0.00, 0.00, 0.00, 0.00, 0.00, 0.00, 0.00, 0.00, 0.00, 0.00, 0.00, 0.00, 0.00, 0.00, 0.00, 0.00, 0.00, 0.00, 0.00, 0.00, 0.00, 0.00, 0.00, 0.00, 0.00] class: 4
|   |   |   |   |   |   |--- feature_614 >  790.50
|   |   |   |   |   |   |   |--- weights: [0.00, 0.00, 0.00, 0.00, 0.00, 0.00, 0.00, 0.00, 0.00, 0.00, 6.00, 0.00, 0.00, 0.00, 0.00, 0.00, 0.00, 0.00, 0.00, 0.00, 0.00, 0.00, 0.00, 0.00, 0.00, 0.00, 0.00, 0.00, 0.00, 0.00, 0.00, 0.00, 0.00, 0.00, 0.00, 0.00, 0.00, 0.00, 0.00] class: 10
|   |   |   |   |   |--- feature_34 >  654.50
|   |   |   |   |   |   |--- feature_258 <= 1513.00
|   |   |   |   |   |   |   |--- weights: [0.00, 0.00, 0.00, 0.00, 0.00, 0.00, 7.00, 0.00, 0.00, 0.00, 0.00, 0.00, 0.00, 0.00, 0.00, 0.00, 0.00, 0.00, 0.00, 0.00, 0.00, 0.00, 0.00, 0.00, 0.00, 0.00, 0.00, 0.00, 0.00, 0.00, 0.00, 0.00, 0.00, 0.00, 0.00, 0.00, 0.00, 0.00, 0.00] class: 6
|   |   |   |   |   |   |--- feature_258 >  1513.00
|   |   |   |   |   |   |   |--- weights: [0.00, 0.00, 0.00, 0.00, 0.00, 0.00, 0.00, 1.00, 0.00, 0.00, 0.00, 0.00, 0.00, 0.00, 0.00, 0.00, 0.00, 0.00, 0.00, 0.00, 0.00, 0.00, 0.00, 0.00, 0.00, 0.00, 0.00, 0.00, 0.00, 0.00, 0.00, 0.00, 0.00, 0.00, 0.00, 0.00, 0.00, 0.00, 0.00] class: 7
|   |   |   |   |--- feature_232 >  986.00
|   |   |   |   |   |--- feature_55 <= 229.50
|   |   |   |   |   |   |--- feature_8141 <= 1176.50
|   |   |   |   |   |   |   |--- weights: [0.00, 0.00, 0.00, 0.00, 0.00, 0.00, 0.00, 0.00, 4.00, 0.00, 0.00, 0.00, 0.00, 0.00, 0.00, 0.00, 0.00, 0.00, 0.00, 0.00, 0.00, 0.00, 0.00, 0.00, 0.00, 0.00, 0.00, 0.00, 0.00, 0.00, 0.00, 0.00, 0.00, 0.00, 0.00, 0.00, 0.00, 0.00, 0.00] class: 8
|   |   |   |   |   |   |--- feature_8141 >  1176.50
|   |   |   |   |   |   |   |--- feature_2522 <= 902.00
|   |   |   |   |   |   |   |   |--- weights: [0.00, 0.00, 1.00, 0.00, 0.00, 0.00, 0.00, 0.00, 0.00, 0.00, 0.00, 0.00, 0.00, 0.00, 0.00, 0.00, 0.00, 0.00, 0.00, 0.00, 0.00, 0.00, 0.00, 0.00, 0.00, 0.00, 0.00, 0.00, 0.00, 0.00, 0.00, 0.00, 0.00, 0.00, 0.00, 0.00, 0.00, 0.00, 0.00] class: 2
|   |   |   |   |   |   |   |--- feature_2522 >  902.00
|   |   |   |   |   |   |   |   |--- weights: [0.00, 0.00, 0.00, 0.00, 0.00, 0.00, 0.00, 0.00, 0.00, 0.00, 0.00, 0.00, 1.00, 0.00, 0.00, 0.00, 0.00, 0.00, 0.00, 0.00, 0.00, 0.00, 0.00, 0.00, 0.00, 0.00, 0.00, 0.00, 0.00, 0.00, 0.00, 0.00, 0.00, 0.00, 0.00, 0.00, 0.00, 0.00, 0.00] class: 12
|   |   |   |   |   |--- feature_55 >  229.50
|   |   |   |   |   |   |--- feature_249 <= 541.50
|   |   |   |   |   |   |   |--- feature_5885 <= 250.50
|   |   |   |   |   |   |   |   |--- weights: [0.00, 0.00, 0.00, 0.00, 0.00, 0.00, 0.00, 0.00, 0.00, 0.00, 413.00, 0.00, 0.00, 0.00, 0.00, 0.00, 0.00, 0.00, 0.00, 0.00, 0.00, 0.00, 0.00, 0.00, 0.00, 0.00, 0.00, 0.00, 0.00, 0.00, 0.00, 0.00, 0.00, 0.00, 0.00, 0.00, 0.00, 0.00, 0.00] class: 10
|   |   |   |   |   |   |   |--- feature_5885 >  250.50
|   |   |   |   |   |   |   |   |--- weights: [0.00, 0.00, 0.00, 0.00, 0.00, 0.00, 1.00, 0.00, 0.00, 0.00, 0.00, 0.00, 0.00, 0.00, 0.00, 0.00, 0.00, 0.00, 0.00, 0.00, 0.00, 0.00, 0.00, 0.00, 0.00, 0.00, 0.00, 0.00, 0.00, 0.00, 0.00, 0.00, 0.00, 0.00, 0.00, 0.00, 0.00, 0.00, 0.00] class: 6
|   |   |   |   |   |   |--- feature_249 >  541.50
|   |   |   |   |   |   |   |--- weights: [0.00, 0.00, 0.00, 0.00, 0.00, 0.00, 0.00, 0.00, 0.00, 0.00, 0.00, 0.00, 0.00, 0.00, 4.00, 0.00, 0.00, 0.00, 0.00, 0.00, 0.00, 0.00, 0.00, 0.00, 0.00, 0.00, 0.00, 0.00, 0.00, 0.00, 0.00, 0.00, 0.00, 0.00, 0.00, 0.00, 0.00, 0.00, 0.00] class: 14
|   |   |--- feature_297 >  904.50
|   |   |   |--- feature_103 <= 485.50
|   |   |   |   |--- feature_17 <= 175.50
|   |   |   |   |   |--- feature_109 <= 426.00
|   |   |   |   |   |   |--- feature_18 <= 1095.50
|   |   |   |   |   |   |   |--- feature_581 <= 1176.00
|   |   |   |   |   |   |   |   |--- feature_230 <= 1847.50
|   |   |   |   |   |   |   |   |   |--- feature_49 <= 732.50
|   |   |   |   |   |   |   |   |   |   |--- weights: [2.00, 0.00, 0.00, 0.00, 0.00, 0.00, 0.00, 1.00, 0.00, 0.00, 0.00, 0.00, 0.00, 0.00, 0.00, 0.00, 0.00, 0.00, 0.00, 0.00, 0.00, 0.00, 0.00, 4.00, 0.00, 0.00, 0.00, 0.00, 0.00, 0.00, 0.00, 0.00, 0.00, 0.00, 0.00, 0.00, 0.00, 0.00, 0.00] class: 23
|   |   |   |   |   |   |   |   |   |--- feature_49 >  732.50
|   |   |   |   |   |   |   |   |   |   |--- weights: [0.00, 0.00, 0.00, 0.00, 1.00, 0.00, 0.00, 0.00, 0.00, 0.00, 0.00, 0.00, 0.00, 0.00, 2.00, 0.00, 2.00, 0.00, 0.00, 0.00, 0.00, 0.00, 0.00, 0.00, 0.00, 0.00, 0.00, 0.00, 0.00, 0.00, 0.00, 1.00, 0.00, 0.00, 0.00, 0.00, 0.00, 0.00, 0.00] class: 14
|   |   |   |   |   |   |   |   |--- feature_230 >  1847.50
|   |   |   |   |   |   |   |   |   |--- weights: [0.00, 0.00, 0.00, 0.00, 0.00, 0.00, 0.00, 0.00, 0.00, 0.00, 3.00, 0.00, 0.00, 0.00, 0.00, 0.00, 0.00, 0.00, 0.00, 0.00, 0.00, 0.00, 0.00, 0.00, 0.00, 0.00, 0.00, 0.00, 0.00, 0.00, 0.00, 0.00, 0.00, 0.00, 0.00, 0.00, 0.00, 0.00, 0.00] class: 10
|   |   |   |   |   |   |   |--- feature_581 >  1176.00
|   |   |   |   |   |   |   |   |--- weights: [0.00, 0.00, 0.00, 0.00, 0.00, 0.00, 0.00, 0.00, 0.00, 0.00, 0.00, 0.00, 0.00, 0.00, 0.00, 0.00, 0.00, 3.00, 0.00, 0.00, 0.00, 0.00, 0.00, 0.00, 0.00, 0.00, 0.00, 0.00, 0.00, 0.00, 0.00, 0.00, 0.00, 0.00, 0.00, 0.00, 0.00, 0.00, 0.00] class: 17
|   |   |   |   |   |   |--- feature_18 >  1095.50
|   |   |   |   |   |   |   |--- feature_264 <= 5204.50
|   |   |   |   |   |   |   |   |--- weights: [0.00, 0.00, 0.00, 4.00, 0.00, 0.00, 0.00, 0.00, 0.00, 0.00, 0.00, 0.00, 0.00, 0.00, 0.00, 0.00, 0.00, 0.00, 0.00, 0.00, 0.00, 0.00, 0.00, 0.00, 0.00, 0.00, 0.00, 0.00, 0.00, 0.00, 0.00, 0.00, 0.00, 0.00, 0.00, 0.00, 0.00, 0.00, 0.00] class: 3
|   |   |   |   |   |   |   |--- feature_264 >  5204.50
|   |   |   |   |   |   |   |   |--- weights: [0.00, 0.00, 0.00, 0.00, 0.00, 0.00, 0.00, 0.00, 0.00, 0.00, 0.00, 0.00, 0.00, 2.00, 0.00, 0.00, 0.00, 0.00, 0.00, 0.00, 0.00, 0.00, 0.00, 0.00, 0.00, 0.00, 0.00, 0.00, 0.00, 0.00, 0.00, 0.00, 0.00, 0.00, 0.00, 0.00, 0.00, 0.00, 0.00] class: 13
|   |   |   |   |   |--- feature_109 >  426.00
|   |   |   |   |   |   |--- feature_3579 <= 368.50
|   |   |   |   |   |   |   |--- feature_273 <= 1100.50
|   |   |   |   |   |   |   |   |--- weights: [0.00, 0.00, 0.00, 0.00, 0.00, 0.00, 0.00, 9.00, 0.00, 0.00, 0.00, 0.00, 0.00, 0.00, 0.00, 0.00, 0.00, 0.00, 0.00, 0.00, 0.00, 0.00, 0.00, 0.00, 0.00, 0.00, 0.00, 0.00, 0.00, 0.00, 0.00, 0.00, 0.00, 0.00, 0.00, 0.00, 0.00, 0.00, 0.00] class: 7
|   |   |   |   |   |   |   |--- feature_273 >  1100.50
|   |   |   |   |   |   |   |   |--- weights: [0.00, 0.00, 0.00, 0.00, 1.00, 0.00, 0.00, 0.00, 0.00, 0.00, 0.00, 0.00, 0.00, 0.00, 0.00, 0.00, 0.00, 0.00, 0.00, 0.00, 0.00, 0.00, 0.00, 0.00, 0.00, 0.00, 0.00, 0.00, 0.00, 0.00, 0.00, 0.00, 0.00, 0.00, 0.00, 0.00, 0.00, 0.00, 0.00] class: 4
|   |   |   |   |   |   |--- feature_3579 >  368.50
|   |   |   |   |   |   |   |--- feature_264 <= 1105.00
|   |   |   |   |   |   |   |   |--- weights: [0.00, 0.00, 0.00, 0.00, 0.00, 0.00, 0.00, 0.00, 0.00, 0.00, 1.00, 0.00, 0.00, 0.00, 0.00, 0.00, 0.00, 0.00, 0.00, 0.00, 0.00, 0.00, 0.00, 0.00, 0.00, 0.00, 0.00, 0.00, 0.00, 0.00, 0.00, 0.00, 0.00, 0.00, 0.00, 0.00, 0.00, 0.00, 0.00] class: 10
|   |   |   |   |   |   |   |--- feature_264 >  1105.00
|   |   |   |   |   |   |   |   |--- weights: [0.00, 0.00, 0.00, 1.00, 0.00, 0.00, 0.00, 0.00, 0.00, 0.00, 0.00, 0.00, 0.00, 0.00, 0.00, 0.00, 0.00, 0.00, 0.00, 0.00, 0.00, 0.00, 0.00, 0.00, 0.00, 0.00, 0.00, 0.00, 0.00, 0.00, 0.00, 0.00, 0.00, 0.00, 0.00, 0.00, 0.00, 0.00, 0.00] class: 3
|   |   |   |   |--- feature_17 >  175.50
|   |   |   |   |   |--- feature_2305 <= 585.50
|   |   |   |   |   |   |--- weights: [0.00, 0.00, 0.00, 0.00, 0.00, 0.00, 0.00, 0.00, 0.00, 0.00, 0.00, 0.00, 0.00, 0.00, 0.00, 0.00, 0.00, 0.00, 0.00, 0.00, 0.00, 0.00, 0.00, 11.00, 0.00, 0.00, 0.00, 0.00, 0.00, 0.00, 0.00, 0.00, 0.00, 0.00, 0.00, 0.00, 0.00, 0.00, 0.00] class: 23
|   |   |   |   |   |--- feature_2305 >  585.50
|   |   |   |   |   |   |--- weights: [1.00, 0.00, 0.00, 0.00, 0.00, 0.00, 0.00, 0.00, 0.00, 0.00, 0.00, 0.00, 0.00, 0.00, 0.00, 0.00, 0.00, 0.00, 0.00, 0.00, 0.00, 0.00, 0.00, 0.00, 0.00, 0.00, 0.00, 0.00, 0.00, 0.00, 0.00, 0.00, 0.00, 0.00, 0.00, 0.00, 0.00, 0.00, 0.00] class: 0
|   |   |   |--- feature_103 >  485.50
|   |   |   |   |--- feature_520 <= 444.00
|   |   |   |   |   |--- feature_173 <= 1852.50
|   |   |   |   |   |   |--- feature_2000 <= 261.50
|   |   |   |   |   |   |   |--- feature_45 <= 672.00
|   |   |   |   |   |   |   |   |--- feature_18 <= 2178.00
|   |   |   |   |   |   |   |   |   |--- weights: [0.00, 0.00, 0.00, 0.00, 0.00, 0.00, 0.00, 465.00, 0.00, 0.00, 0.00, 0.00, 0.00, 0.00, 0.00, 0.00, 0.00, 0.00, 0.00, 0.00, 0.00, 0.00, 0.00, 0.00, 0.00, 0.00, 0.00, 0.00, 0.00, 0.00, 0.00, 0.00, 0.00, 0.00, 0.00, 0.00, 0.00, 0.00, 0.00] class: 7
|   |   |   |   |   |   |   |   |--- feature_18 >  2178.00
|   |   |   |   |   |   |   |   |   |--- weights: [0.00, 0.00, 0.00, 1.00, 0.00, 0.00, 0.00, 0.00, 0.00, 0.00, 0.00, 0.00, 0.00, 0.00, 0.00, 0.00, 0.00, 0.00, 0.00, 0.00, 0.00, 0.00, 0.00, 0.00, 0.00, 0.00, 0.00, 0.00, 0.00, 0.00, 0.00, 0.00, 0.00, 0.00, 0.00, 0.00, 0.00, 0.00, 0.00] class: 3
|   |   |   |   |   |   |   |--- feature_45 >  672.00
|   |   |   |   |   |   |   |   |--- feature_34 <= 368.50
|   |   |   |   |   |   |   |   |   |--- weights: [0.00, 0.00, 0.00, 0.00, 0.00, 0.00, 0.00, 0.00, 0.00, 0.00, 0.00, 0.00, 0.00, 0.00, 0.00, 0.00, 0.00, 0.00, 0.00, 0.00, 0.00, 0.00, 0.00, 1.00, 0.00, 0.00, 0.00, 0.00, 0.00, 0.00, 0.00, 0.00, 0.00, 0.00, 0.00, 0.00, 0.00, 0.00, 0.00] class: 23
|   |   |   |   |   |   |   |   |--- feature_34 >  368.50
|   |   |   |   |   |   |   |   |   |--- weights: [0.00, 0.00, 0.00, 0.00, 0.00, 0.00, 0.00, 0.00, 0.00, 0.00, 0.00, 0.00, 0.00, 0.00, 0.00, 0.00, 1.00, 0.00, 0.00, 0.00, 0.00, 0.00, 0.00, 0.00, 0.00, 0.00, 0.00, 0.00, 0.00, 0.00, 0.00, 0.00, 0.00, 0.00, 0.00, 0.00, 0.00, 0.00, 0.00] class: 16
|   |   |   |   |   |   |--- feature_2000 >  261.50
|   |   |   |   |   |   |   |--- weights: [0.00, 0.00, 0.00, 0.00, 0.00, 0.00, 0.00, 0.00, 0.00, 0.00, 0.00, 0.00, 0.00, 0.00, 0.00, 0.00, 0.00, 0.00, 0.00, 0.00, 0.00, 0.00, 0.00, 0.00, 0.00, 0.00, 2.00, 0.00, 0.00, 0.00, 0.00, 0.00, 0.00, 0.00, 0.00, 0.00, 0.00, 0.00, 0.00] class: 26
|   |   |   |   |   |--- feature_173 >  1852.50
|   |   |   |   |   |   |--- feature_71 <= 1644.00
|   |   |   |   |   |   |   |--- feature_2271 <= 762.50
|   |   |   |   |   |   |   |   |--- weights: [0.00, 0.00, 0.00, 0.00, 4.00, 0.00, 0.00, 0.00, 0.00, 0.00, 0.00, 0.00, 0.00, 0.00, 0.00, 0.00, 0.00, 0.00, 0.00, 0.00, 0.00, 0.00, 0.00, 0.00, 0.00, 0.00, 0.00, 0.00, 0.00, 0.00, 0.00, 0.00, 0.00, 0.00, 0.00, 0.00, 0.00, 0.00, 0.00] class: 4
|   |   |   |   |   |   |   |--- feature_2271 >  762.50
|   |   |   |   |   |   |   |   |--- weights: [0.00, 0.00, 0.00, 0.00, 0.00, 0.00, 0.00, 0.00, 0.00, 0.00, 0.00, 0.00, 0.00, 1.00, 0.00, 0.00, 0.00, 0.00, 0.00, 0.00, 0.00, 0.00, 0.00, 0.00, 0.00, 0.00, 0.00, 0.00, 0.00, 0.00, 0.00, 0.00, 0.00, 0.00, 0.00, 0.00, 0.00, 0.00, 0.00] class: 13
|   |   |   |   |   |   |--- feature_71 >  1644.00
|   |   |   |   |   |   |   |--- weights: [0.00, 0.00, 0.00, 0.00, 0.00, 0.00, 0.00, 2.00, 0.00, 0.00, 0.00, 0.00, 0.00, 0.00, 0.00, 0.00, 0.00, 0.00, 0.00, 0.00, 0.00, 0.00, 0.00, 0.00, 0.00, 0.00, 0.00, 0.00, 0.00, 0.00, 0.00, 0.00, 0.00, 0.00, 0.00, 0.00, 0.00, 0.00, 0.00] class: 7
|   |   |   |   |--- feature_520 >  444.00
|   |   |   |   |   |--- feature_115 <= 177.50
|   |   |   |   |   |   |--- weights: [0.00, 0.00, 0.00, 5.00, 0.00, 0.00, 0.00, 0.00, 0.00, 0.00, 0.00, 0.00, 0.00, 0.00, 0.00, 0.00, 0.00, 0.00, 0.00, 0.00, 0.00, 0.00, 0.00, 0.00, 0.00, 0.00, 0.00, 0.00, 0.00, 0.00, 0.00, 0.00, 0.00, 0.00, 0.00, 0.00, 0.00, 0.00, 0.00] class: 3
|   |   |   |   |   |--- feature_115 >  177.50
|   |   |   |   |   |   |--- feature_225 <= 531.50
|   |   |   |   |   |   |   |--- feature_162 <= 1008.50
|   |   |   |   |   |   |   |   |--- weights: [0.00, 0.00, 0.00, 0.00, 0.00, 0.00, 0.00, 0.00, 0.00, 0.00, 0.00, 0.00, 0.00, 0.00, 0.00, 0.00, 0.00, 2.00, 0.00, 0.00, 0.00, 0.00, 0.00, 0.00, 0.00, 0.00, 0.00, 0.00, 0.00, 0.00, 0.00, 0.00, 0.00, 0.00, 0.00, 0.00, 0.00, 0.00, 0.00] class: 17
|   |   |   |   |   |   |   |--- feature_162 >  1008.50
|   |   |   |   |   |   |   |   |--- weights: [0.00, 0.00, 0.00, 0.00, 0.00, 0.00, 0.00, 0.00, 0.00, 0.00, 0.00, 0.00, 0.00, 1.00, 0.00, 0.00, 0.00, 0.00, 0.00, 0.00, 0.00, 0.00, 0.00, 0.00, 0.00, 0.00, 0.00, 0.00, 0.00, 0.00, 0.00, 0.00, 0.00, 0.00, 0.00, 0.00, 0.00, 0.00, 0.00] class: 13
|   |   |   |   |   |   |--- feature_225 >  531.50
|   |   |   |   |   |   |   |--- weights: [0.00, 0.00, 0.00, 0.00, 0.00, 0.00, 0.00, 2.00, 0.00, 0.00, 0.00, 0.00, 0.00, 0.00, 0.00, 0.00, 0.00, 0.00, 0.00, 0.00, 0.00, 0.00, 0.00, 0.00, 0.00, 0.00, 0.00, 0.00, 0.00, 0.00, 0.00, 0.00, 0.00, 0.00, 0.00, 0.00, 0.00, 0.00, 0.00] class: 7
|   |--- feature_9039 >  122.50
|   |   |--- feature_4041 <= 364.50
|   |   |   |--- weights: [0.00, 0.00, 0.00, 0.00, 0.00, 0.00, 0.00, 0.00, 0.00, 0.00, 0.00, 0.00, 500.00, 0.00, 0.00, 0.00, 0.00, 0.00, 0.00, 0.00, 0.00, 0.00, 0.00, 0.00, 0.00, 0.00, 0.00, 0.00, 0.00, 0.00, 0.00, 0.00, 0.00, 0.00, 0.00, 0.00, 0.00, 0.00, 0.00] class: 12
|   |   |--- feature_4041 >  364.50
|   |   |   |--- weights: [0.00, 0.00, 0.00, 0.00, 0.00, 0.00, 0.00, 0.00, 0.00, 0.00, 0.00, 0.00, 0.00, 0.00, 1.00, 0.00, 0.00, 0.00, 0.00, 0.00, 0.00, 0.00, 0.00, 0.00, 0.00, 0.00, 0.00, 0.00, 0.00, 0.00, 0.00, 0.00, 0.00, 0.00, 0.00, 0.00, 0.00, 0.00, 0.00] class: 14
|--- feature_2502 >  93.50
|   |--- feature_352 <= 217.50
|   |   |--- feature_6772 <= 128.00
|   |   |   |--- feature_6955 <= 862.50
|   |   |   |   |--- weights: [0.00, 0.00, 0.00, 0.00, 0.00, 0.00, 0.00, 0.00, 0.00, 570.00, 0.00, 0.00, 0.00, 0.00, 0.00, 0.00, 0.00, 0.00, 0.00, 0.00, 0.00, 0.00, 0.00, 0.00, 0.00, 0.00, 0.00, 0.00, 0.00, 0.00, 0.00, 0.00, 0.00, 0.00, 0.00, 0.00, 0.00, 0.00, 0.00] class: 9
|   |   |   |--- feature_6955 >  862.50
|   |   |   |   |--- feature_6595 <= 1725.00
|   |   |   |   |   |--- weights: [0.00, 0.00, 0.00, 0.00, 0.00, 0.00, 0.00, 0.00, 0.00, 0.00, 0.00, 0.00, 0.00, 0.00, 0.00, 0.00, 0.00, 0.00, 0.00, 0.00, 0.00, 0.00, 0.00, 0.00, 0.00, 0.00, 0.00, 0.00, 0.00, 0.00, 0.00, 0.00, 0.00, 0.00, 0.00, 0.00, 0.00, 1.00, 0.00] class: 37
|   |   |   |   |--- feature_6595 >  1725.00
|   |   |   |   |   |--- weights: [0.00, 0.00, 0.00, 0.00, 0.00, 0.00, 0.00, 0.00, 0.00, 0.00, 0.00, 0.00, 0.00, 0.00, 0.00, 0.00, 0.00, 1.00, 0.00, 0.00, 0.00, 0.00, 0.00, 0.00, 0.00, 0.00, 0.00, 0.00, 0.00, 0.00, 0.00, 0.00, 0.00, 0.00, 0.00, 0.00, 0.00, 0.00, 0.00] class: 17
|   |   |--- feature_6772 >  128.00
|   |   |   |--- feature_872 <= 226.00
|   |   |   |   |--- feature_292 <= 128.00
|   |   |   |   |   |--- feature_144 <= 923.50
|   |   |   |   |   |   |--- weights: [0.00, 0.00, 0.00, 0.00, 0.00, 0.00, 0.00, 0.00, 0.00, 0.00, 0.00, 0.00, 0.00, 0.00, 0.00, 2.00, 0.00, 0.00, 0.00, 0.00, 0.00, 0.00, 0.00, 0.00, 0.00, 0.00, 0.00, 0.00, 0.00, 0.00, 0.00, 0.00, 0.00, 0.00, 0.00, 0.00, 0.00, 0.00, 0.00] class: 15
|   |   |   |   |   |--- feature_144 >  923.50
|   |   |   |   |   |   |--- weights: [0.00, 0.00, 0.00, 0.00, 0.00, 0.00, 0.00, 0.00, 0.00, 0.00, 0.00, 0.00, 0.00, 0.00, 0.00, 0.00, 0.00, 1.00, 0.00, 0.00, 0.00, 0.00, 0.00, 0.00, 0.00, 0.00, 0.00, 0.00, 0.00, 0.00, 0.00, 0.00, 0.00, 0.00, 0.00, 0.00, 0.00, 0.00, 0.00] class: 17
|   |   |   |   |--- feature_292 >  128.00
|   |   |   |   |   |--- weights: [0.00, 0.00, 0.00, 0.00, 0.00, 0.00, 0.00, 0.00, 0.00, 0.00, 0.00, 0.00, 0.00, 2.00, 0.00, 0.00, 0.00, 0.00, 0.00, 0.00, 0.00, 0.00, 0.00, 0.00, 0.00, 0.00, 0.00, 0.00, 0.00, 0.00, 0.00, 0.00, 0.00, 0.00, 0.00, 0.00, 0.00, 0.00, 0.00] class: 13
|   |   |   |--- feature_872 >  226.00
|   |   |   |   |--- weights: [0.00, 0.00, 0.00, 0.00, 0.00, 0.00, 0.00, 0.00, 0.00, 2.00, 0.00, 0.00, 0.00, 0.00, 0.00, 0.00, 0.00, 0.00, 0.00, 0.00, 0.00, 0.00, 0.00, 0.00, 0.00, 0.00, 0.00, 0.00, 0.00, 0.00, 0.00, 0.00, 0.00, 0.00, 0.00, 0.00, 0.00, 0.00, 0.00] class: 9
|   |--- feature_352 >  217.50
|   |   |--- feature_50 <= 127.00
|   |   |   |--- feature_49 <= 168.50
|   |   |   |   |--- feature_132 <= 360.50
|   |   |   |   |   |--- feature_7023 <= 420.50
|   |   |   |   |   |   |--- weights: [0.00, 0.00, 0.00, 0.00, 0.00, 0.00, 0.00, 0.00, 0.00, 0.00, 0.00, 0.00, 0.00, 0.00, 0.00, 0.00, 0.00, 1.00, 0.00, 0.00, 0.00, 0.00, 0.00, 0.00, 0.00, 0.00, 0.00, 0.00, 0.00, 0.00, 0.00, 0.00, 0.00, 0.00, 0.00, 0.00, 0.00, 0.00, 0.00] class: 17
|   |   |   |   |   |--- feature_7023 >  420.50
|   |   |   |   |   |   |--- weights: [0.00, 0.00, 0.00, 0.00, 0.00, 0.00, 0.00, 0.00, 0.00, 0.00, 0.00, 0.00, 0.00, 0.00, 0.00, 0.00, 0.00, 0.00, 0.00, 0.00, 0.00, 0.00, 1.00, 0.00, 0.00, 0.00, 0.00, 0.00, 0.00, 0.00, 0.00, 0.00, 0.00, 0.00, 0.00, 0.00, 0.00, 0.00, 0.00] class: 22
|   |   |   |   |--- feature_132 >  360.50
|   |   |   |   |   |--- weights: [0.00, 0.00, 0.00, 0.00, 0.00, 0.00, 0.00, 0.00, 0.00, 0.00, 0.00, 0.00, 0.00, 3.00, 0.00, 0.00, 0.00, 0.00, 0.00, 0.00, 0.00, 0.00, 0.00, 0.00, 0.00, 0.00, 0.00, 0.00, 0.00, 0.00, 0.00, 0.00, 0.00, 0.00, 0.00, 0.00, 0.00, 0.00, 0.00] class: 13
|   |   |   |--- feature_49 >  168.50
|   |   |   |   |--- weights: [0.00, 0.00, 0.00, 0.00, 0.00, 0.00, 0.00, 0.00, 0.00, 0.00, 0.00, 0.00, 0.00, 0.00, 4.00, 0.00, 0.00, 0.00, 0.00, 0.00, 0.00, 0.00, 0.00, 0.00, 0.00, 0.00, 0.00, 0.00, 0.00, 0.00, 0.00, 0.00, 0.00, 0.00, 0.00, 0.00, 0.00, 0.00, 0.00] class: 14
|   |   |--- feature_50 >  127.00
|   |   |   |--- weights: [0.00, 0.00, 0.00, 0.00, 0.00, 0.00, 0.00, 0.00, 0.00, 0.00, 0.00, 0.00, 0.00, 0.00, 0.00, 6.00, 0.00, 0.00, 0.00, 0.00, 0.00, 0.00, 0.00, 0.00, 0.00, 0.00, 0.00, 0.00, 0.00, 0.00, 0.00, 0.00, 0.00, 0.00, 0.00, 0.00, 0.00, 0.00, 0.00] class: 15
