|--- feature_9039 <= 153.50
|   |--- feature_2502 <= 106.00
|   |   |--- feature_297 <= 918.00
|   |   |   |--- feature_3 <= 1862.50
|   |   |   |   |--- feature_705 <= 366.50
|   |   |   |   |   |--- feature_7091 <= 134.00
|   |   |   |   |   |   |--- feature_210 <= 427.50
|   |   |   |   |   |   |   |--- feature_425 <= 220.50
|   |   |   |   |   |   |   |   |--- feature_819 <= 16901.00
|   |   |   |   |   |   |   |   |   |--- feature_124 <= 674.50
|   |   |   |   |   |   |   |   |   |   |--- feature_2776 <= 123.00
|   |   |   |   |   |   |   |   |   |   |   |--- feature_5033 <= 114.00
|   |   |   |   |   |   |   |   |   |   |   |   |--- feature_9179 <= 234.50
|   |   |   |   |   |   |   |   |   |   |   |   |   |--- feature_2315 <= 201.50
|   |   |   |   |   |   |   |   |   |   |   |   |   |   |--- feature_132 <= 646.50
|   |   |   |   |   |   |   |   |   |   |   |   |   |   |   |--- feature_520 <= 366.00
|   |   |   |   |   |   |   |   |   |   |   |   |   |   |   |   |--- feature_546 <= 271.50
|   |   |   |   |   |   |   |   |   |   |   |   |   |   |   |   |   |--- feature_1407 <= 301.00
|   |   |   |   |   |   |   |   |   |   |   |   |   |   |   |   |   |   |--- feature_61 <= 209.50
|   |   |   |   |   |   |   |   |   |   |   |   |   |   |   |   |   |   |   |--- feature_182 <= 877.00
|   |   |   |   |   |   |   |   |   |   |   |   |   |   |   |   |   |   |   |   |--- weights: [13.00, 9.00, 14.00, 9.00, 4.00, 13.00, 6.00, 7.00, 0.00, 4.00, 2.00, 13.00, 1.00, 4.00, 8.00, 11.00, 0.00, 0.00, 3.00, 2.00, 1.00, 5.00, 1.00, 3.00, 1.00, 1.00, 1.00] class: 3
|   |   |   |   |   |   |   |   |   |   |   |   |   |   |   |   |   |   |   |--- feature_182 >  877.00
|   |   |   |   |   |   |   |   |   |   |   |   |   |   |   |   |   |   |   |   |--- weights: [0.00, 0.00, 0.00, 0.00, 2.00, 0.00, 0.00, 11.00, 0.00, 0.00, 0.00, 0.00, 0.00, 1.00, 0.00, 1.00, 0.00, 1.00, 0.00, 0.00, 0.00, 0.00, 0.00, 0.00, 0.00, 0.00, 0.00] class: 8
|   |   |   |   |   |   |   |   |   |   |   |   |   |   |   |   |   |   |--- feature_61 >  209.50
|   |   |   |   |   |   |   |   |   |   |   |   |   |   |   |   |   |   |   |--- weights: [0.00, 0.00, 0.00, 0.00, 0.00, 0.00, 0.00, 0.00, 0.00, 0.00, 0.00, 0.00, 0.00, 0.00, 0.00, 0.00, 0.00, 7.00, 0.00, 0.00, 0.00, 0.00, 0.00, 0.00, 0.00, 0.00, 0.00] class: 18
|   |   |   |   |   |   |   |   |   |   |   |   |   |   |   |   |   |--- feature_1407 >  301.00
|   |   |   |   |   |   |   |   |   |   |   |   |   |   |   |   |   |   |--- weights: [0.00, 0.00, 0.00, 0.00, 0.00, 0.00, 0.00, 0.00, 0.00, 0.00, 0.00, 0.00, 0.00, 0.00, 9.00, 0.00, 0.00, 0.00, 0.00, 0.00, 0.00, 0.00, 0.00, 0.00, 0.00, 0.00, 0.00] class: 15
|   |   |   |   |   |   |   |   |   |   |   |   |   |   |   |   |--- feature_546 >  271.50
|   |   |   |   |   |   |   |   |   |   |   |   |   |   |   |   |   |--- feature_352 <= 596.50
|   |   |   |   |   |   |   |   |   |   |   |   |   |   |   |   |   |   |--- feature_641 <= 213.00
|   |   |   |   |   |   |   |   |   |   |   |   |   |   |   |   |   |   |   |--- feature_249 <= 201.50
|   |   |   |   |   |   |   |   |   |   |   |   |   |   |   |   |   |   |   |   |--- weights: [0.00, 0.00, 0.00, 3.00, 0.00, 0.00, 0.00, 0.00, 0.00, 0.00, 0.00, 0.00, 0.00, 0.00, 0.00, 0.00, 0.00, 0.00, 0.00, 0.00, 0.00, 0.00, 0.00, 0.00, 0.00, 0.00, 0.00] class: 4
|   |   |   |   |   |   |   |   |   |   |   |   |   |   |   |   |   |   |   |--- feature_249 >  201.50
|   |   |   |   |   |   |   |   |   |   |   |   |   |   |   |   |   |   |   |   |--- weights: [2.00, 0.00, 0.00, 0.00, 0.00, 0.00, 0.00, 0.00, 0.00, 0.00, 0.00, 0.00, 0.00, 3.00, 0.00, 0.00, 0.00, 0.00, 0.00, 0.00, 0.00, 0.00, 1.00, 0.00, 0.00, 0.00, 0.00] class: 14
|   |   |   |   |   |   |   |   |   |   |   |   |   |   |   |   |   |   |--- feature_641 >  213.00
|   |   |   |   |   |   |   |   |   |   |   |   |   |   |   |   |   |   |   |--- weights: [0.00, 0.00, 0.00, 0.00, 0.00, 0.00, 0.00, 0.00, 0.00, 0.00, 0.00, 0.00, 0.00, 0.00, 0.00, 0.00, 0.00, 0.00, 0.00, 0.00, 0.00, 4.00, 0.00, 0.00, 0.00, 0.00, 0.00] class: 23
|   |   |   |   |   |   |   |   |   |   |   |   |   |   |   |   |   |--- feature_352 >  596.50
|   |   |   |   |   |   |   |   |   |   |   |   |   |   |   |   |   |   |--- weights: [0.00, 0.00, 0.00, 0.00, 0.00, 0.00, 0.00, 0.00, 0.00, 0.00, 0.00, 0.00, 0.00, 16.00, 0.00, 0.00, 0.00, 0.00, 0.00, 0.00, 0.00, 0.00, 0.00, 0.00, 0.00, 0.00, 0.00] class: 14
|   |   |   |   |   |   |   |   |   |   |   |   |   |   |   |--- feature_520 >  366.00
|   |   |   |   |   |   |   |   |   |   |   |   |   |   |   |   |--- feature_264 <= 216.00
|   |   |   |   |   |   |   |   |   |   |   |   |   |   |   |   |   |--- feature_217 <= 727.00
|   |   |   |   |   |   |   |   |   |   |   |   |   |   |   |   |   |   |--- feature_112 <= 321.50
|   |   |   |   |   |   |   |   |   |   |   |   |   |   |   |   |   |   |   |--- weights: [0.00, 18.00, 0.00, 0.00, 0.00, 0.00, 0.00, 0.00, 0.00, 0.00, 0.00, 0.00, 0.00, 0.00, 0.00, 0.00, 0.00, 0.00, 0.00, 0.00, 0.00, 0.00, 0.00, 0.00, 0.00, 0.00, 0.00] class: 2
|   |   |   |   |   |   |   |   |   |   |   |   |   |   |   |   |   |   |--- feature_112 >  321.50
|   |   |   |   |   |   |   |   |   |   |   |   |   |   |   |   |   |   |   |--- weights: [0.00, 0.00, 0.00, 0.00, 0.00, 0.00, 0.00, 0.00, 0.00, 0.00, 0.00, 0.00, 0.00, 0.00, 0.00, 1.00, 0.00, 0.00, 0.00, 0.00, 0.00, 0.00, 0.00, 0.00, 0.00, 0.00, 0.00] class: 16
|   |   |   |   |   |   |   |   |   |   |   |   |   |   |   |   |   |--- feature_217 >  727.00
|   |   |   |   |   |   |   |   |   |   |   |   |   |   |   |   |   |   |--- weights: [0.00, 0.00, 2.00, 0.00, 0.00, 0.00, 0.00, 0.00, 0.00, 0.00, 0.00, 0.00, 0.00, 0.00, 0.00, 0.00, 0.00, 0.00, 0.00, 0.00, 0.00, 0.00, 0.00, 0.00, 0.00, 0.00, 0.00] class: 3
|   |   |   |   |   |   |   |   |   |   |   |   |   |   |   |   |--- feature_264 >  216.00
|   |   |   |   |   |   |   |   |   |   |   |   |   |   |   |   |   |--- feature_515 <= 241.00
|   |   |   |   |   |   |   |   |   |   |   |   |   |   |   |   |   |   |--- feature_1973 <= 273.50
|   |   |   |   |   |   |   |   |   |   |   |   |   |   |   |   |   |   |   |--- weights: [0.00, 0.00, 31.00, 0.00, 0.00, 0.00, 0.00, 0.00, 0.00, 0.00, 0.00, 0.00, 0.00, 0.00, 0.00, 0.00, 0.00, 0.00, 0.00, 0.00, 0.00, 0.00, 0.00, 0.00, 0.00, 0.00, 0.00] class: 3
|   |   |   |   |   |   |   |   |   |   |   |   |   |   |   |   |   |   |--- feature_1973 >  273.50
|   |   |   |   |   |   |   |   |   |   |   |   |   |   |   |   |   |   |   |--- weights: [0.00, 0.00, 0.00, 0.00, 0.00, 0.00, 0.00, 0.00, 0.00, 0.00, 0.00, 0.00, 2.00, 0.00, 0.00, 0.00, 0.00, 0.00, 0.00, 0.00, 0.00, 0.00, 0.00, 0.00, 0.00, 0.00, 0.00] class: 13
|   |   |   |   |   |   |   |   |   |   |   |   |   |   |   |   |   |--- feature_515 >  241.00
|   |   |   |   |   |   |   |   |   |   |   |   |   |   |   |   |   |   |--- feature_264 <= 1097.00
|   |   |   |   |   |   |   |   |   |   |   |   |   |   |   |   |   |   |   |--- feature_3115 <= 234.50
|   |   |   |   |   |   |   |   |   |   |   |   |   |   |   |   |   |   |   |   |--- weights: [0.00, 0.00, 0.00, 0.00, 0.00, 0.00, 0.00, 0.00, 0.00, 0.00, 0.00, 0.00, 0.00, 0.00, 0.00, 0.00, 0.00, 0.00, 0.00, 0.00, 0.00, 1.00, 0.00, 0.00, 0.00, 0.00, 0.00] class: 23
|   |   |   |   |   |   |   |   |   |   |   |   |   |   |   |   |   |   |   |--- feature_3115 >  234.50
|   |   |   |   |   |   |   |   |   |   |   |   |   |   |   |   |   |   |   |   |--- weights: [0.00, 0.00, 0.00, 0.00, 0.00, 0.00, 1.00, 0.00, 0.00, 0.00, 0.00, 0.00, 0.00, 0.00, 0.00, 0.00, 0.00, 0.00, 0.00, 0.00, 0.00, 0.00, 0.00, 0.00, 0.00, 0.00, 0.00] class: 7
|   |   |   |   |   |   |   |   |   |   |   |   |   |   |   |   |   |   |--- feature_264 >  1097.00
|   |   |   |   |   |   |   |   |   |   |   |   |   |   |   |   |   |   |   |--- weights: [0.00, 0.00, 0.00, 0.00, 0.00, 0.00, 0.00, 0.00, 0.00, 0.00, 0.00, 0.00, 3.00, 0.00, 0.00, 0.00, 0.00, 0.00, 0.00, 0.00, 0.00, 0.00, 0.00, 0.00, 0.00, 0.00, 0.00] class: 13
|   |   |   |   |   |   |   |   |   |   |   |   |   |   |--- feature_132 >  646.50
|   |   |   |   |   |   |   |   |   |   |   |   |   |   |   |--- feature_103 <= 1182.00
|   |   |   |   |   |   |   |   |   |   |   |   |   |   |   |   |--- feature_2090 <= 358.50
|   |   |   |   |   |   |   |   |   |   |   |   |   |   |   |   |   |--- feature_579 <= 260.50
|   |   |   |   |   |   |   |   |   |   |   |   |   |   |   |   |   |   |--- feature_109 <= 805.50
|   |   |   |   |   |   |   |   |   |   |   |   |   |   |   |   |   |   |   |--- feature_28 <= 578.50
|   |   |   |   |   |   |   |   |   |   |   |   |   |   |   |   |   |   |   |   |--- weights: [2.00, 0.00, 0.00, 0.00, 2.00, 0.00, 0.00, 0.00, 0.00, 0.00, 0.00, 0.00, 0.00, 2.00, 0.00, 2.00, 0.00, 0.00, 0.00, 0.00, 0.00, 0.00, 0.00, 0.00, 0.00, 0.00, 0.00] class: 1
|   |   |   |   |   |   |   |   |   |   |   |   |   |   |   |   |   |   |   |--- feature_28 >  578.50
|   |   |   |   |   |   |   |   |   |   |   |   |   |   |   |   |   |   |   |   |--- weights: [0.00, 0.00, 0.00, 0.00, 0.00, 0.00, 0.00, 0.00, 0.00, 0.00, 0.00, 4.00, 0.00, 0.00, 0.00, 0.00, 0.00, 0.00, 0.00, 1.00, 0.00, 0.00, 0.00, 0.00, 0.00, 0.00, 0.00] class: 12
|   |   |   |   |   |   |   |   |   |   |   |   |   |   |   |   |   |   |--- feature_109 >  805.50
|   |   |   |   |   |   |   |   |   |   |   |   |   |   |   |   |   |   |   |--- feature_520 <= 500.50
|   |   |   |   |   |   |   |   |   |   |   |   |   |   |   |   |   |   |   |   |--- weights: [0.00, 0.00, 0.00, 0.00, 0.00, 0.00, 0.00, 6.00, 0.00, 0.00, 0.00, 0.00, 0.00, 0.00, 0.00, 0.00, 0.00, 1.00, 0.00, 0.00, 0.00, 0.00, 0.00, 0.00, 0.00, 0.00, 0.00] class: 8
|   |   |   |   |   |   |   |   |   |   |   |   |   |   |   |   |   |   |   |--- feature_520 >  500.50
|   |   |   |   |   |   |   |   |   |   |   |   |   |   |   |   |   |   |   |   |--- weights: [0.00, 0.00, 2.00, 0.00, 0.00, 0.00, 0.00, 0.00, 0.00, 0.00, 0.00, 0.00, 1.00, 0.00, 0.00, 0.00, 0.00, 0.00, 0.00, 0.00, 0.00, 0.00, 0.00, 0.00, 0.00, 0.00, 0.00] class: 3
|   |   |   |   |   |   |   |   |   |   |   |   |   |   |   |   |   |--- feature_579 >  260.50
|   |   |   |   |   |   |   |   |   |   |   |   |   |   |   |   |   |   |--- feature_491 <= 211.50
|   |   |   |   |   |   |   |   |   |   |   |   |   |   |   |   |   |   |   |--- weights: [0.00, 0.00, 0.00, 0.00, 0.00, 0.00, 0.00, 0.00, 0.00, 0.00, 6.00, 0.00, 0.00, 0.00, 0.00, 0.00, 0.00, 0.00, 0.00, 0.00, 0.00, 0.00, 0.00, 0.00, 0.00, 0.00, 0.00] class: 11
|   |   |   |   |   |   |   |   |   |   |   |   |   |   |   |   |   |   |--- feature_491 >  211.50
|   |   |   |   |   |   |   |   |   |   |   |   |   |   |   |   |   |   |   |--- feature_543 <= 211.50
|   |   |   |   |   |   |   |   |   |   |   |   |   |   |   |   |   |   |   |   |--- weights: [0.00, 0.00, 2.00, 0.00, 0.00, 0.00, 0.00, 0.00, 0.00, 0.00, 0.00, 0.00, 0.00, 0.00, 0.00, 0.00, 0.00, 0.00, 0.00, 0.00, 0.00, 0.00, 0.00, 0.00, 0.00, 0.00, 0.00] class: 3
|   |   |   |   |   |   |   |   |   |   |   |   |   |   |   |   |   |   |   |--- feature_543 >  211.50
|   |   |   |   |   |   |   |   |   |   |   |   |   |   |   |   |   |   |   |   |--- weights: [0.00, 0.00, 0.00, 0.00, 0.00, 0.00, 0.00, 0.00, 0.00, 0.00, 0.00, 0.00, 1.00, 0.00, 0.00, 0.00, 0.00, 0.00, 0.00, 0.00, 0.00, 0.00, 0.00, 0.00, 0.00, 0.00, 0.00] class: 13
|   |   |   |   |   |   |   |   |   |   |   |   |   |   |   |   |--- feature_2090 >  358.50
|   |   |   |   |   |   |   |   |   |   |   |   |   |   |   |   |   |--- feature_356 <= 405.50
|   |   |   |   |   |   |   |   |   |   |   |   |   |   |   |   |   |   |--- weights: [0.00, 0.00, 0.00, 0.00, 0.00, 5.00, 0.00, 0.00, 0.00, 0.00, 0.00, 0.00, 0.00, 0.00, 0.00, 0.00, 0.00, 0.00, 0.00, 0.00, 0.00, 0.00, 0.00, 0.00, 0.00, 0.00, 0.00] class: 6
|   |   |   |   |   |   |   |   |   |   |   |   |   |   |   |   |   |--- feature_356 >  405.50
|   |   |   |   |   |   |   |   |   |   |   |   |   |   |   |   |   |   |--- weights: [0.00, 0.00, 0.00, 0.00, 0.00, 0.00, 0.00, 0.00, 0.00, 0.00, 0.00, 0.00, 0.00, 1.00, 0.00, 0.00, 0.00, 0.00, 0.00, 0.00, 0.00, 0.00, 0.00, 0.00, 0.00, 0.00, 0.00] class: 14
|   |   |   |   |   |   |   |   |   |   |   |   |   |   |   |--- feature_103 >  1182.00
|   |   |   |   |   |   |   |   |   |   |   |   |   |   |   |   |--- feature_33 <= 356.50
|   |   |   |   |   |   |   |   |   |   |   |   |   |   |   |   |   |--- feature_87 <= 1869.00
|   |   |   |   |   |   |   |   |   |   |   |   |   |   |   |   |   |   |--- feature_491 <= 722.00
|   |   |   |   |   |   |   |   |   |   |   |   |   |   |   |   |   |   |   |--- weights: [0.00, 0.00, 0.00, 0.00, 0.00, 0.00, 0.00, 0.00, 0.00, 0.00, 0.00, 0.00, 42.00, 0.00, 0.00, 0.00, 0.00, 0.00, 0.00, 0.00, 0.00, 0.00, 0.00, 0.00, 0.00, 0.00, 0.00] class: 13
|   |   |   |   |   |   |   |   |   |   |   |   |   |   |   |   |   |   |--- feature_491 >  722.00
|   |   |   |   |   |   |   |   |   |   |   |   |   |   |   |   |   |   |   |--- weights: [0.00, 0.00, 0.00, 0.00, 0.00, 1.00, 0.00, 0.00, 0.00, 0.00, 0.00, 0.00, 0.00, 0.00, 0.00, 0.00, 0.00, 0.00, 0.00, 0.00, 0.00, 0.00, 0.00, 0.00, 0.00, 0.00, 0.00] class: 6
|   |   |   |   |   |   |   |   |   |   |   |   |   |   |   |   |   |--- feature_87 >  1869.00
|   |   |   |   |   |   |   |   |   |   |   |   |   |   |   |   |   |   |--- feature_4171 <= 489.50
|   |   |   |   |   |   |   |   |   |   |   |   |   |   |   |   |   |   |   |--- weights: [0.00, 0.00, 0.00, 0.00, 1.00, 0.00, 0.00, 0.00, 0.00, 0.00, 0.00, 0.00, 0.00, 0.00, 0.00, 0.00, 0.00, 0.00, 0.00, 0.00, 0.00, 0.00, 0.00, 0.00, 0.00, 0.00, 0.00] class: 5
|   |   |   |   |   |   |   |   |   |   |   |   |   |   |   |   |   |   |--- feature_4171 >  489.50
|   |   |   |   |   |   |   |   |   |   |   |   |   |   |   |   |   |   |   |--- weights: [0.00, 0.00, 0.00, 0.00, 0.00, 0.00, 0.00, 0.00, 0.00, 0.00, 0.00, 1.00, 0.00, 0.00, 0.00, 0.00, 0.00, 0.00, 0.00, 0.00, 0.00, 0.00, 0.00, 0.00, 0.00, 0.00, 0.00] class: 12
|   |   |   |   |   |   |   |   |   |   |   |   |   |   |   |   |--- feature_33 >  356.50
|   |   |   |   |   |   |   |   |   |   |   |   |   |   |   |   |   |--- feature_253 <= 684.50
|   |   |   |   |   |   |   |   |   |   |   |   |   |   |   |   |   |   |--- feature_57 <= 356.50
|   |   |   |   |   |   |   |   |   |   |   |   |   |   |   |   |   |   |   |--- feature_104 <= 405.00
|   |   |   |   |   |   |   |   |   |   |   |   |   |   |   |   |   |   |   |   |--- weights: [0.00, 1.00, 0.00, 0.00, 1.00, 0.00, 0.00, 0.00, 0.00, 0.00, 0.00, 0.00, 0.00, 0.00, 0.00, 0.00, 0.00, 0.00, 0.00, 0.00, 0.00, 0.00, 0.00, 0.00, 0.00, 0.00, 0.00] class: 2
|   |   |   |   |   |   |   |   |   |   |   |   |   |   |   |   |   |   |   |--- feature_104 >  405.00
|   |   |   |   |   |   |   |   |   |   |   |   |   |   |   |   |   |   |   |   |--- weights: [0.00, 0.00, 0.00, 0.00, 0.00, 0.00, 0.00, 0.00, 0.00, 0.00, 0.00, 0.00, 0.00, 1.00, 0.00, 0.00, 0.00, 0.00, 0.00, 0.00, 0.00, 0.00, 0.00, 0.00, 0.00, 0.00, 0.00] class: 14
|   |   |   |   |   |   |   |   |   |   |   |   |   |   |   |   |   |   |--- feature_57 >  356.50
|   |   |   |   |   |   |   |   |   |   |   |   |   |   |   |   |   |   |   |--- weights: [0.00, 0.00, 0.00, 0.00, 0.00, 1.00, 0.00, 0.00, 0.00, 0.00, 0.00, 0.00, 0.00, 0.00, 0.00, 0.00, 0.00, 0.00, 0.00, 0.00, 0.00, 0.00, 0.00, 0.00, 0.00, 0.00, 0.00] class: 6
|   |   |   |   |   |   |   |   |   |   |   |   |   |   |   |   |   |--- feature_253 >  684.50
|   |   |   |   |   |   |   |   |   |   |   |   |   |   |   |   |   |   |--- weights: [0.00, 0.00, 0.00, 0.00, 0.00, 0.00, 0.00, 0.00, 0.00, 0.00, 3.00, 0.00, 0.00, 0.00, 0.00, 0.00, 0.00, 0.00, 0.00, 0.00, 0.00, 0.00, 0.00, 0.00, 0.00, 0.00, 0.00] class: 11
|   |   |   |   |   |   |   |   |   |   |   |   |   |--- feature_2315 >  201.50
|   |   |   |   |   |   |   |   |   |   |   |   |   |   |--- weights: [0.00, 0.00, 0.00, 0.00, 0.00, 0.00, 0.00, 24.00, 0.00, 0.00, 0.00, 0.00, 0.00, 0.00, 0.00, 0.00, 0.00, 0.00, 0.00, 0.00, 0.00, 0.00, 0.00, 0.00, 0.00, 0.00, 0.00] class: 8
|   |   |   |   |   |   |   |   |   |   |   |   |--- feature_9179 >  234.50
|   |   |   |   |   |   |   |   |   |   |   |   |   |--- weights: [0.00, 0.00, 0.00, 0.00, 0.00, 0.00, 0.00, 0.00, 0.00, 0.00, 0.00, 0.00, 0.00, 0.00, 23.00, 0.00, 0.00, 0.00, 0.00, 0.00, 0.00, 0.00, 0.00, 0.00, 0.00, 0.00, 0.00] class: 15
|   |   |   |   |   |   |   |   |   |   |   |--- feature_5033 >  114.00
|   |   |   |   |   |   |   |   |   |   |   |   |--- weights: [0.00, 33.00, 0.00, 0.00, 0.00, 0.00, 0.00, 0.00, 0.00, 0.00, 0.00, 0.00, 0.00, 0.00, 0.00, 0.00, 0.00, 0.00, 0.00, 0.00, 0.00, 0.00, 0.00, 0.00, 0.00, 0.00, 0.00] class: 2
|   |   |   |   |   |   |   |   |   |   |--- feature_2776 >  123.00
|   |   |   |   |   |   |   |   |   |   |   |--- feature_273 <= 512.00
|   |   |   |   |   |   |   |   |   |   |   |   |--- weights: [0.00, 0.00, 0.00, 0.00, 0.00, 0.00, 0.00, 0.00, 0.00, 0.00, 0.00, 0.00, 0.00, 36.00, 0.00, 0.00, 0.00, 0.00, 0.00, 0.00, 0.00, 0.00, 0.00, 0.00, 0.00, 0.00, 0.00] class: 14
|   |   |   |   |   |   |   |   |   |   |   |--- feature_273 >  512.00
|   |   |   |   |   |   |   |   |   |   |   |   |--- weights: [0.00, 0.00, 0.00, 0.00, 0.00, 0.00, 0.00, 0.00, 0.00, 0.00, 0.00, 1.00, 0.00, 0.00, 0.00, 0.00, 0.00, 0.00, 0.00, 0.00, 0.00, 0.00, 0.00, 0.00, 0.00, 0.00, 0.00] class: 12
|   |   |   |   |   |   |   |   |   |--- feature_124 >  674.50
|   |   |   |   |   |   |   |   |   |   |--- feature_515 <= 349.00
|   |   |   |   |   |   |   |   |   |   |   |--- feature_128 <= 250.50
|   |   |   |   |   |   |   |   |   |   |   |   |--- feature_428 <= 395.00
|   |   |   |   |   |   |   |   |   |   |   |   |   |--- weights: [0.00, 0.00, 0.00, 0.00, 0.00, 0.00, 0.00, 0.00, 0.00, 0.00, 39.00, 0.00, 0.00, 0.00, 0.00, 0.00, 0.00, 0.00, 0.00, 0.00, 0.00, 0.00, 0.00, 0.00, 0.00, 0.00, 0.00] class: 11
|   |   |   |   |   |   |   |   |   |   |   |   |--- feature_428 >  395.00
|   |   |   |   |   |   |   |   |   |   |   |   |   |--- weights: [0.00, 0.00, 0.00, 0.00, 0.00, 0.00, 0.00, 0.00, 0.00, 0.00, 0.00, 0.00, 0.00, 0.00, 1.00, 0.00, 0.00, 0.00, 0.00, 0.00, 0.00, 0.00, 0.00, 0.00, 0.00, 0.00, 0.00] class: 15
|   |   |   |   |   |   |   |   |   |   |   |--- feature_128 >  250.50
|   |   |   |   |   |   |   |   |   |   |   |   |--- weights: [0.00, 0.00, 0.00, 0.00, 0.00, 0.00, 0.00, 0.00, 0.00, 0.00, 0.00, 0.00, 0.00, 0.00, 0.00, 0.00, 0.00, 2.00, 0.00, 0.00, 0.00, 0.00, 0.00, 0.00, 0.00, 0.00, 0.00] class: 18
|   |   |   |   |   |   |   |   |   |   |--- feature_515 >  349.00
|   |   |   |   |   |   |   |   |   |   |   |--- weights: [0.00, 0.00, 0.00, 0.00, 0.00, 0.00, 0.00, 0.00, 0.00, 0.00, 0.00, 0.00, 0.00, 0.00, 3.00, 0.00, 0.00, 0.00, 0.00, 0.00, 0.00, 0.00, 0.00, 0.00, 0.00, 0.00, 0.00] class: 15
|   |   |   |   |   |   |   |   |--- feature_819 >  16901.00
|   |   |   |   |   |   |   |   |   |--- weights: [0.00, 0.00, 0.00, 0.00, 0.00, 0.00, 0.00, 0.00, 0.00, 0.00, 0.00, 0.00, 0.00, 0.00, 0.00, 0.00, 32.00, 0.00, 0.00, 0.00, 0.00, 0.00, 0.00, 0.00, 0.00, 0.00, 0.00] class: 17
|   |   |   |   |   |   |   |--- feature_425 >  220.50
|   |   |   |   |   |   |   |   |--- feature_249 <= 111.50
|   |   |   |   |   |   |   |   |   |--- feature_63 <= 323.50
|   |   |   |   |   |   |   |   |   |   |--- feature_162 <= 939.50
|   |   |   |   |   |   |   |   |   |   |   |--- feature_669 <= 147.00
|   |   |   |   |   |   |   |   |   |   |   |   |--- feature_209 <= 258.50
|   |   |   |   |   |   |   |   |   |   |   |   |   |--- feature_559 <= 244.00
|   |   |   |   |   |   |   |   |   |   |   |   |   |   |--- feature_7325 <= 443.00
|   |   |   |   |   |   |   |   |   |   |   |   |   |   |   |--- weights: [1.00, 0.00, 0.00, 0.00, 0.00, 0.00, 0.00, 0.00, 0.00, 0.00, 0.00, 0.00, 0.00, 0.00, 0.00, 0.00, 0.00, 0.00, 0.00, 0.00, 0.00, 0.00, 0.00, 0.00, 0.00, 0.00, 0.00] class: 1
|   |   |   |   |   |   |   |   |   |   |   |   |   |   |--- feature_7325 >  443.00
|   |   |   |   |   |   |   |   |   |   |   |   |   |   |   |--- weights: [0.00, 0.00, 0.00, 0.00, 0.00, 0.00, 0.00, 0.00, 0.00, 0.00, 0.00, 0.00, 0.00, 1.00, 0.00, 0.00, 0.00, 0.00, 0.00, 0.00, 0.00, 0.00, 0.00, 0.00, 0.00, 0.00, 0.00] class: 14
|   |   |   |   |   |   |   |   |   |   |   |   |   |--- feature_559 >  244.00
|   |   |   |   |   |   |   |   |   |   |   |   |   |   |--- weights: [0.00, 0.00, 0.00, 0.00, 0.00, 0.00, 0.00, 0.00, 0.00, 0.00, 0.00, 0.00, 0.00, 0.00, 0.00, 0.00, 0.00, 0.00, 0.00, 0.00, 0.00, 1.00, 0.00, 0.00, 0.00, 0.00, 0.00] class: 23
|   |   |   |   |   |   |   |   |   |   |   |   |--- feature_209 >  258.50
|   |   |   |   |   |   |   |   |   |   |   |   |   |--- weights: [0.00, 0.00, 0.00, 0.00, 0.00, 0.00, 0.00, 0.00, 0.00, 2.00, 0.00, 0.00, 0.00, 0.00, 0.00, 0.00, 0.00, 0.00, 0.00, 0.00, 0.00, 0.00, 0.00, 0.00, 0.00, 0.00, 0.00] class: 10
|   |   |   |   |   |   |   |   |   |   |   |--- feature_669 >  147.00
|   |   |   |   |   |   |   |   |   |   |   |   |--- weights: [0.00, 0.00, 0.00, 0.00, 0.00, 0.00, 0.00, 2.00, 0.00, 0.00, 0.00, 0.00, 0.00, 0.00, 0.00, 0.00, 0.00, 0.00, 0.00, 0.00, 0.00, 0.00, 0.00, 0.00, 0.00, 0.00, 0.00] class: 8
|   |   |   |   |   |   |   |   |   |   |--- feature_162 >  939.50
|   |   |   |   |   |   |   |   |   |   |   |--- weights: [0.00, 0.00, 3.00, 0.00, 0.00, 0.00, 0.00, 0.00, 0.00, 0.00, 0.00, 0.00, 0.00, 0.00, 0.00, 0.00, 0.00, 0.00, 0.00, 0.00, 0.00, 0.00, 0.00, 0.00, 0.00, 0.00, 0.00] class: 3
|   |   |   |   |   |   |   |   |   |--- feature_63 >  323.50
|   |   |   |   |   |   |   |   |   |   |--- weights: [0.00, 0.00, 0.00, 0.00, 0.00, 0.00, 0.00, 0.00, 0.00, 0.00, 0.00, 0.00, 0.00, 0.00, 0.00, 0.00, 0.00, 3.00, 0.00, 0.00, 0.00, 0.00, 0.00, 0.00, 0.00, 0.00, 0.00] class: 18
|   |   |   |   |   |   |   |   |--- feature_249 >  111.50
|   |   |   |   |   |   |   |   |   |--- feature_546 <= 53.00
|   |   |   |   |   |   |   |   |   |   |--- feature_105 <= 186.50
|   |   |   |   |   |   |   |   |   |   |   |--- weights: [0.00, 0.00, 0.00, 0.00, 0.00, 54.00, 0.00, 0.00, 0.00, 0.00, 0.00, 0.00, 0.00, 0.00, 0.00, 0.00, 0.00, 0.00, 0.00, 0.00, 0.00, 0.00, 0.00, 0.00, 0.00, 0.00, 0.00] class: 6
|   |   |   |   |   |   |   |   |   |   |--- feature_105 >  186.50
|   |   |   |   |   |   |   |   |   |   |   |--- feature_232 <= 868.50
|   |   |   |   |   |   |   |   |   |   |   |   |--- weights: [0.00, 0.00, 0.00, 0.00, 0.00, 0.00, 0.00, 0.00, 0.00, 0.00, 1.00, 0.00, 0.00, 0.00, 0.00, 0.00, 0.00, 0.00, 0.00, 0.00, 0.00, 0.00, 0.00, 0.00, 0.00, 0.00, 0.00] class: 11
|   |   |   |   |   |   |   |   |   |   |   |--- feature_232 >  868.50
|   |   |   |   |   |   |   |   |   |   |   |   |--- weights: [0.00, 1.00, 0.00, 0.00, 0.00, 0.00, 0.00, 0.00, 0.00, 0.00, 0.00, 0.00, 0.00, 0.00, 0.00, 0.00, 0.00, 0.00, 0.00, 0.00, 0.00, 0.00, 0.00, 0.00, 0.00, 0.00, 0.00] class: 2
|   |   |   |   |   |   |   |   |   |--- feature_546 >  53.00
|   |   |   |   |   |   |   |   |   |   |--- feature_408 <= 403.50
|   |   |   |   |   |   |   |   |   |   |   |--- feature_58 <= 281.50
|   |   |   |   |   |   |   |   |   |   |   |   |--- weights: [0.00, 0.00, 0.00, 0.00, 0.00, 0.00, 0.00, 0.00, 0.00, 0.00, 0.00, 0.00, 0.00, 0.00, 0.00, 0.00, 0.00, 0.00, 0.00, 0.00, 0.00, 2.00, 0.00, 0.00, 0.00, 0.00, 0.00] class: 23
|   |   |   |   |   |   |   |   |   |   |   |--- feature_58 >  281.50
|   |   |   |   |   |   |   |   |   |   |   |   |--- weights: [0.00, 0.00, 0.00, 0.00, 0.00, 0.00, 0.00, 0.00, 0.00, 0.00, 0.00, 0.00, 0.00, 0.00, 0.00, 1.00, 0.00, 0.00, 0.00, 0.00, 0.00, 0.00, 0.00, 0.00, 0.00, 0.00, 0.00] class: 16
|   |   |   |   |   |   |   |   |   |   |--- feature_408 >  403.50
|   |   |   |   |   |   |   |   |   |   |   |--- weights: [0.00, 0.00, 0.00, 0.00, 0.00, 0.00, 0.00, 0.00, 0.00, 0.00, 0.00, 0.00, 0.00, 3.00, 0.00, 0.00, 0.00, 0.00, 0.00, 0.00, 0.00, 0.00, 0.00, 0.00, 0.00, 0.00, 0.00] class: 14
|   |   |   |   |   |   |--- feature_210 >  427.50
|   |   |   |   |   |   |   |--- feature_481 <= 1025.00
|   |   |   |   |   |   |   |   |--- feature_63 <= 146.50
|   |   |   |   |   |   |   |   |   |--- feature_304 <= 150.50
|   |   |   |   |   |   |   |   |   |   |--- feature_80 <= 630.50
|   |   |   |   |   |   |   |   |   |   |   |--- weights: [0.00, 0.00, 0.00, 0.00, 0.00, 0.00, 0.00, 0.00, 0.00, 0.00, 0.00, 0.00, 0.00, 0.00, 1.00, 0.00, 0.00, 0.00, 0.00, 0.00, 0.00, 0.00, 0.00, 0.00, 0.00, 0.00, 0.00] class: 15
|   |   |   |   |   |   |   |   |   |   |--- feature_80 >  630.50
|   |   |   |   |   |   |   |   |   |   |   |--- weights: [0.00, 0.00, 0.00, 0.00, 0.00, 0.00, 0.00, 0.00, 0.00, 0.00, 0.00, 0.00, 0.00, 0.00, 0.00, 0.00, 0.00, 1.00, 0.00, 0.00, 0.00, 0.00, 0.00, 0.00, 0.00, 0.00, 0.00] class: 18
|   |   |   |   |   |   |   |   |   |--- feature_304 >  150.50
|   |   |   |   |   |   |   |   |   |   |--- feature_634 <= 489.50
|   |   |   |   |   |   |   |   |   |   |   |--- weights: [0.00, 0.00, 0.00, 0.00, 0.00, 0.00, 0.00, 8.00, 0.00, 0.00, 0.00, 0.00, 0.00, 0.00, 0.00, 0.00, 0.00, 0.00, 0.00, 0.00, 0.00, 0.00, 0.00, 0.00, 0.00, 0.00, 0.00] class: 8
|   |   |   |   |   |   |   |   |   |   |--- feature_634 >  489.50
|   |   |   |   |   |   |   |   |   |   |   |--- weights: [0.00, 0.00, 0.00, 0.00, 0.00, 0.00, 0.00, 0.00, 0.00, 0.00, 1.00, 0.00, 0.00, 0.00, 0.00, 0.00, 0.00, 0.00, 0.00, 0.00, 0.00, 0.00, 0.00, 0.00, 0.00, 0.00, 0.00] class: 11
|   |   |   |   |   |   |   |   |--- feature_63 >  146.50
|   |   |   |   |   |   |   |   |   |--- weights: [0.00, 0.00, 0.00, 0.00, 0.00, 0.00, 0.00, 0.00, 0.00, 0.00, 0.00, 0.00, 0.00, 0.00, 0.00, 0.00, 0.00, 6.00, 0.00, 0.00, 0.00, 0.00, 0.00, 0.00, 0.00, 0.00, 0.00] class: 18
|   |   |   |   |   |   |   |--- feature_481 >  1025.00
|   |   |   |   |   |   |   |   |--- weights: [0.00, 0.00, 0.00, 50.00, 0.00, 0.00, 0.00, 0.00, 0.00, 0.00, 0.00, 0.00, 0.00, 0.00, 0.00, 0.00, 0.00, 0.00, 0.00, 0.00, 0.00, 0.00, 0.00, 0.00, 0.00, 0.00, 0.00] class: 4
|   |   |   |   |   |--- feature_7091 >  134.00
|   |   |   |   |   |   |--- weights: [0.00, 0.00, 0.00, 0.00, 37.00, 0.00, 0.00, 0.00, 0.00, 0.00, 0.00, 0.00, 0.00, 0.00, 0.00, 0.00, 0.00, 0.00, 0.00, 0.00, 0.00, 0.00, 0.00, 0.00, 0.00, 0.00, 0.00] class: 5
|   |   |   |   |--- feature_705 >  366.50
|   |   |   |   |   |--- feature_78 <= 134.50
|   |   |   |   |   |   |--- feature_9 <= 894.00
|   |   |   |   |   |   |   |--- weights: [50.00, 0.00, 0.00, 0.00, 0.00, 0.00, 0.00, 0.00, 0.00, 0.00, 0.00, 0.00, 0.00, 0.00, 0.00, 0.00, 0.00, 0.00, 0.00, 0.00, 0.00, 0.00, 0.00, 0.00, 0.00, 0.00, 0.00] class: 1
|   |   |   |   |   |   |--- feature_9 >  894.00
|   |   |   |   |   |   |   |--- weights: [0.00, 0.00, 0.00, 1.00, 0.00, 0.00, 0.00, 0.00, 0.00, 0.00, 0.00, 0.00, 0.00, 0.00, 0.00, 0.00, 0.00, 0.00, 0.00, 0.00, 0.00, 0.00, 0.00, 0.00, 0.00, 0.00, 0.00] class: 4
|   |   |   |   |   |--- feature_78 >  134.50
|   |   |   |   |   |   |--- weights: [0.00, 0.00, 0.00, 0.00, 0.00, 0.00, 0.00, 0.00, 0.00, 0.00, 0.00, 0.00, 0.00, 0.00, 0.00, 2.00, 0.00, 0.00, 0.00, 0.00, 0.00, 0.00, 0.00, 0.00, 0.00, 0.00, 0.00] class: 16
|   |   |   |--- feature_3 >  1862.50
|   |   |   |   |--- weights: [0.00, 0.00, 0.00, 0.00, 0.00, 0.00, 0.00, 0.00, 0.00, 47.00, 0.00, 0.00, 0.00, 0.00, 0.00, 0.00, 0.00, 0.00, 0.00, 0.00, 0.00, 0.00, 0.00, 0.00, 0.00, 0.00, 0.00] class: 10
|   |   |--- feature_297 >  918.00
|   |   |   |--- feature_600 <= 785.00
|   |   |   |   |--- feature_6831 <= 886.00
|   |   |   |   |   |--- weights: [0.00, 0.00, 0.00, 0.00, 0.00, 0.00, 54.00, 0.00, 0.00, 0.00, 0.00, 0.00, 0.00, 0.00, 0.00, 0.00, 0.00, 0.00, 0.00, 0.00, 0.00, 0.00, 0.00, 0.00, 0.00, 0.00, 0.00] class: 7
|   |   |   |   |--- feature_6831 >  886.00
|   |   |   |   |   |--- weights: [0.00, 0.00, 0.00, 0.00, 0.00, 0.00, 0.00, 0.00, 0.00, 0.00, 0.00, 0.00, 0.00, 0.00, 0.00, 0.00, 0.00, 0.00, 0.00, 0.00, 0.00, 1.00, 0.00, 0.00, 0.00, 0.00, 0.00] class: 23
|   |   |   |--- feature_600 >  785.00
|   |   |   |   |--- feature_46 <= 420.50
|   |   |   |   |   |--- weights: [0.00, 0.00, 1.00, 0.00, 0.00, 0.00, 0.00, 0.00, 0.00, 0.00, 0.00, 0.00, 0.00, 0.00, 0.00, 0.00, 0.00, 0.00, 0.00, 0.00, 0.00, 0.00, 0.00, 0.00, 0.00, 0.00, 0.00] class: 3
|   |   |   |   |--- feature_46 >  420.50
|   |   |   |   |   |--- weights: [0.00, 0.00, 0.00, 0.00, 0.00, 0.00, 0.00, 0.00, 0.00, 0.00, 0.00, 0.00, 0.00, 0.00, 0.00, 1.00, 0.00, 0.00, 0.00, 0.00, 0.00, 0.00, 0.00, 0.00, 0.00, 0.00, 0.00] class: 16
|   |--- feature_2502 >  106.00
|   |   |--- weights: [0.00, 0.00, 0.00, 0.00, 0.00, 0.00, 0.00, 0.00, 60.00, 0.00, 0.00, 0.00, 0.00, 0.00, 0.00, 0.00, 0.00, 0.00, 0.00, 0.00, 0.00, 0.00, 0.00, 0.00, 0.00, 0.00, 0.00] class: 9
|--- feature_9039 >  153.50
|   |--- weights: [0.00, 0.00, 0.00, 0.00, 0.00, 0.00, 0.00, 0.00, 0.00, 0.00, 0.00, 64.00, 0.00, 0.00, 0.00, 0.00, 0.00, 0.00, 0.00, 0.00, 0.00, 0.00, 0.00, 0.00, 0.00, 0.00, 0.00] class: 12
